( 1 ), ( 2 3 ), ( 4 ), ( 5 6 ), ( 7 ), ( 8 9 ), ( 7 ), ( 10 ), ( 11 ), ( 12 ), ( 13 ), ( 5 6 9 14 ), ( 15 16 17 ), ( 9 10 18 )
( 4 19 ), ( 2 20 ), ( 21 ), ( 22 ), ( 23 ), ( 24 25 ), ( 20 26 ), ( 20 26 ), ( 27 ), ( 28 ), ( 22 29 ), ( 28 30 ), ( 22 28 29 ), ( 31 32 ), ( 33 34 ), ( 28 )
( 35 ), ( 36 ), ( 37 ), ( 38 ), ( 39 40 ), ( 41 ), ( 42 43 ), ( 44 ), ( 13 42 45 ), ( 2 46 ), ( 47 48 49 50 51 ), ( 41 52 53 ), ( 54 ), ( 47 50 53 55 ), ( 40 56 ), ( 57 )
( 39 40 58 59 60 61 ), ( 2 36 50 ), ( 20 ), ( 20 ), ( 23 ), ( 41 ), ( 62 ), ( 44 ), ( 38 63 ), ( 26 47 53 ), ( 64 ), ( 46 )
( 22 29 35 47 48 49 50 65 66 ), ( 2 67 ), ( 68 69 ), ( 70 ), ( 71 72 73 ), ( 74 ), ( 68 71 ), ( 75 ), ( 71 76 77 ), ( 74 78 ), ( 71 79 ), ( 80 81 ), ( 27 66 71 ), ( 82 83 ), ( 44 84 ), ( 26 78 80 85 )
( 71 86 87 ), ( 2 88 ), ( 89 ), ( 90 ), ( 41 ), ( 91 ), ( 92 ), ( 88 93 ), ( 94 95 ), ( 96 97 ), ( 71 98 ), ( 91 99 ), ( 71 98 )
( 13 88 100 ), ( 20 ), ( 26 ), ( 101 ), ( 53 ), ( 44 ), ( 102 ), ( 103 ), ( 2 104 ), ( 105 ), ( 106 107 108 ), ( 109 ), ( 106 110 ), ( 3 101 111 ), ( 43 ), ( 101 112 113 ), ( 57 ), ( 101 114 115 ), ( 38 41 106 116 ), ( 75 101 117 ), ( 106 118 )
( 119 ), ( 2 39 ), ( 22 ), ( 45 ), ( 120 ), ( 39 121 ), ( 71 122 123 ), ( 37 40 ), ( 71 79 ), ( 40 124 ), ( 124 ), ( 13 75 ), ( 72 125 ), ( 40 43 ), ( 71 81 126 ), ( 40 62 ), ( 122 127 128 ), ( 40 ), ( 79 129 130 131 ), ( 56 132 ), ( 71 86 )
( 13 25 ), ( 20 ), ( 32 ), ( 133 ), ( 33 ), ( 44 ), ( 134 ), ( 101 111 ), ( 2 22 26 33 ), ( 24 44 ), ( 26 28 68 ), ( 43 ), ( 28 69 ), ( 101 105 )
( 24 28 69 ), ( 2 22 ), ( 26 ), ( 135 ), ( 23 ), ( 76 ), ( 136 ), ( 137 138 ), ( 75 ), ( 71 139 ), ( 64 ), ( 73 84 ), ( 20 140 ), ( 71 73 120 ), ( 22 28 34 35 ), ( 27 77 ), ( 28 34 ), ( 69 129 141 ), ( 28 136 )
( 27 71 73 86 ), ( 100 ), ( 42 44 ), ( 38 ), ( 121 ), ( 142 ), ( 40 ), ( 41 ), ( 13 ), ( 100 102 ), ( 39 40 ), ( 53 143 ), ( 40 ), ( 47 53 107 ), ( 13 40 42 54 ), ( 44 53 ), ( 40 59 60 ), ( 41 53 ), ( 40 144 ), ( 53 98 )
( 56 132 ), ( 25 ), ( 2 145 ), ( 88 ), ( 4 ), ( 146 147 ), ( 15 16 ), ( 147 148 ), ( 149 150 ), ( 88 ), ( 11 ), ( 44 97 ), ( 11 ), ( 88 146 )
( 4 7 87 95 ), ( 70 ), ( 89 112 ), ( 2 74 ), ( 9 151 ), ( 80 ), ( 152 153 ), ( 78 81 )
( 69 154 155 ), ( 36 ), ( 68 73 ), ( 20 ), ( 71 156 ), ( 2 26 36 50 ), ( 66 71 157 ), ( 41 50 ), ( 71 158 ), ( 75 ), ( 68 156 159 ), ( 47 53 160 ), ( 69 71 135 ), ( 44 47 53 ), ( 71 137 161 ), ( 53 ), ( 44 71 ), ( 52 53 102 ), ( 71 79 ), ( 53 162 ), ( 71 129 ), ( 53 55 ), ( 71 163 )
( 46 53 100 ), ( 145 ), ( 26 ), ( 149 ), ( 116 ), ( 4 16 150 ), ( 53 164 ), ( 165 ), ( 53 107 ), ( 11 ), ( 53 116 ), ( 150 165 ), ( 53 75 ), ( 4 166 ), ( 43 ), ( 4 7 167 ), ( 53 108 118 ), ( 1 168 ), ( 27 53 108 ), ( 4 13 145 ), ( 53 98 ), ( 169 170 ), ( 41 53 171 ), ( 4 15 167 ), ( 53 172 ), ( 4 166 173 ), ( 2 53 75 118 )
( 4 11 17 ), ( 25 ), ( 1 ), ( 38 ), ( 145 ), ( 45 ), ( 149 ), ( 25 40 ), ( 7 16 ), ( 174 ), ( 11 ), ( 40 54 ), ( 4 166 ), ( 40 44 ), ( 4 7 ), ( 42 56 132 ), ( 1 16 165 ), ( 40 45 ), ( 4 17 149 ), ( 40 175 ), ( 4 11 ), ( 40 59 ), ( 4 176 ), ( 40 ), ( 4 177 ), ( 27 38 40 ), ( 4 167 ), ( 40 178 ), ( 4 43 ), ( 37 40 ), ( 4 19 )
( 2 40 54 107 ), ( 22 ), ( 107 ), ( 31 ), ( 36 47 50 ), ( 24 26 28 ), ( 36 41 ), ( 24 28 ), ( 44 ), ( 32 134 ), ( 20 53 ), ( 20 28 ), ( 160 )
( 28 31 35 ), ( 50 ), ( 2 100 ), ( 20 ), ( 145 ), ( 41 ), ( 4 150 ), ( 20 38 ), ( 1 4 16 ), ( 47 179 ), ( 166 ), ( 3 41 ), ( 13 16 ), ( 53 180 ), ( 1 13 ), ( 46 ), ( 47 48 50 52 ), ( 53 ), ( 165 167 ), ( 38 53 ), ( 4 150 176 ), ( 27 53 ), ( 4 17 ), ( 53 57 ), ( 17 181 ), ( 46 53 )
( 4 176 182 ), ( 37 ), ( 145 ), ( 40 121 ), ( 2 166 ), ( 40 121 175 ), ( 166 ), ( 40 59 ), ( 11 ), ( 124 ), ( 1 13 ), ( 13 40 ), ( 4 149 150 ), ( 56 132 ), ( 1 13 16 ), ( 54 59 ), ( 4 19 60 ), ( 13 54 ), ( 7 42 168 ), ( 42 51 75 )
( 4 15 16 71 145 183 ), ( 88 ), ( 135 ), ( 2 44 ), ( 44 ), ( 96 ), ( 84 ), ( 88 184 ), ( 120 185 ), ( 186 ), ( 27 68 )
( 25 187 ), ( 2 40 ), ( 28 ), ( 42 44 ), ( 29 ), ( 45 ), ( 24 28 ), ( 39 40 ), ( 25 28 38 ), ( 174 ), ( 5 26 28 188 ), ( 40 75 ), ( 23 189 ), ( 40 54 ), ( 28 34 )
( 40 43 69 ), ( 66 ), ( 135 ), ( 71 ), ( 72 73 ), ( 2 71 79 ), ( 71 ), ( 22 ), ( 77 185 190 ), ( 120 137 ), ( 76 137 191 ), ( 71 139 ), ( 43 ), ( 125 ), ( 71 163 ), ( 75 192 ), ( 44 69 71 ), ( 13 79 193 )
( 2 20 129 190 194 ), ( 195 ), ( 33 ), ( 17 ), ( 30 ), ( 4 15 ), ( 140 ), ( 75 ), ( 21 38 ), ( 150 165 ), ( 64 ), ( 176 196 ), ( 43 ), ( 167 197 ), ( 22 27 ), ( 4 198 ), ( 28 33 34 44 ), ( 4 ), ( 28 ), ( 4 196 ), ( 23 28 ), ( 4 16 199 ), ( 21 28 ), ( 4 165 200 ), ( 28 61 ), ( 201 ), ( 28 65 202 203 ), ( 4 16 75 150 )
( 26 63 204 ), ( 2 22 ), ( 3 ), ( 38 ), ( 20 148 ), ( 29 ), ( 24 205 ), ( 25 28 ), ( 44 ), ( 24 28 ), ( 114 ), ( 26 28 35 )
( 66 135 205 206 ), ( 2 120 ), ( 72 ), ( 122 ), ( 66 79 ), ( 71 207 ), ( 68 71 ), ( 127 128 ), ( 71 77 ), ( 22 126 ), ( 163 ), ( 124 ), ( 71 76 122 ), ( 71 207 ), ( 71 84 ), ( 22 71 120 ), ( 44 71 86 )
( 22 71 127 128 ), ( 3 ), ( 122 ), ( 2 112 126 133 ), ( 22 71 ), ( 101 208 209 ), ( 210 ), ( 103 ), ( 71 210 ), ( 44 208 ), ( 125 ), ( 43 ), ( 149 211 ), ( 114 115 ), ( 13 210 ), ( 205 ), ( 71 79 124 ), ( 109 113 ), ( 71 211 212 ), ( 101 105 ), ( 71 125 ), ( 44 75 ), ( 13 79 212 ), ( 101 105 ), ( 11 71 ), ( 75 101 ), ( 213 )
( 119 ), ( 2 214 ), ( 20 ), ( 100 ), ( 101 ), ( 101 ), ( 44 ), ( 215 ), ( 111 208 ), ( 101 111 ), ( 101 ), ( 100 216 ), ( 20 75 ), ( 105 ), ( 113 217 ), ( 20 101 218 ), ( 111 114 ), ( 101 219 )
( 101 115 ), ( 47 ), ( 9 ), ( 53 ), ( 10 ), ( 2 44 ), ( 210 ), ( 53 107 ), ( 9 26 ), ( 75 ), ( 27 ), ( 20 55 ), ( 6 164 220 ), ( 43 ), ( 9 221 ), ( 57 ), ( 217 222 ), ( 26 41 50 53 ), ( 9 187 223 ), ( 52 53 118 ), ( 9 224 225 ), ( 53 162 ), ( 124 226 ), ( 53 ), ( 227 ), ( 36 53 ), ( 228 229 ), ( 46 ), ( 47 49 50 ), ( 41 )
( 20 101 212 229 230 ), ( 2 231 ), ( 101 208 ), ( 232 ), ( 103 ), ( 75 )
( 2 39 112 119 ), ( 233 ), ( 37 ), ( 34 ), ( 42 51 ), ( 29 ), ( 37 40 ), ( 21 30 ), ( 51 ), ( 64 ), ( 13 54 ), ( 22 23 )
( 54 174 ), ( 2 214 ), ( 39 42 124 ), ( 113 ), ( 13 37 ), ( 205 ), ( 40 44 ), ( 101 112 208 ), ( 40 45 121 ), ( 105 ), ( 40 59 234 ), ( 101 111 112 ), ( 40 43 ), ( 101 205 )
( 40 56 132 ), ( 2 107 ), ( 39 ), ( 107 ), ( 44 ), ( 36 52 ), ( 174 ), ( 44 ), ( 40 45 ), ( 27 ), ( 13 40 ), ( 44 47 52 ), ( 40 54 121 ), ( 38 102 ), ( 44 59 234 )
( 36 38 53 ), ( 9 ), ( 45 ), ( 220 ), ( 37 178 ), ( 210 ), ( 40 44 ), ( 225 ), ( 132 ), ( 187 ), ( 45 59 )
( 2 20 230 ), ( 156 ), ( 101 ), ( 131 ), ( 208 ), ( 211 ), ( 133 ), ( 71 79 ), ( 44 ), ( 71 235 ), ( 3 101 ), ( 71 76 ), ( 43 ), ( 224 236 )
( 61 112 119 ), ( 2 37 ), ( 22 ), ( 45 ), ( 29 ), ( 40 ), ( 20 21 33 ), ( 42 114 ), ( 63 237 ), ( 40 221 ), ( 64 ), ( 40 54 ), ( 21 27 ), ( 144 )
( 23 28 30 66 135 ), ( 16 150 ), ( 76 ), ( 2 166 ), ( 44 ), ( 4 150 ), ( 27 ), ( 7 145 ), ( 163 ), ( 1 13 ), ( 125 ), ( 166 167 ), ( 77 120 135 ), ( 11 149 ), ( 22 72 86 194 ), ( 19 145 ), ( 43 71 ), ( 19 197 ), ( 71 84 137 238 ), ( 4 173 177 ), ( 68 71 239 ), ( 4 16 240 ), ( 71 239 241 ), ( 4 11 )
( 71 79 86 ), ( 20 ), ( 2 149 ), ( 101 ), ( 149 ), ( 216 ), ( 15 16 ), ( 27 ), ( 11 ), ( 214 216 ), ( 165 ), ( 105 ), ( 7 16 167 ), ( 105 242 ), ( 243 ), ( 44 101 113 ), ( 168 ), ( 101 221 ), ( 13 75 ), ( 101 111 ), ( 4 43 ), ( 101 219 )
( 165 197 244 ), ( 61 ), ( 244 245 ), ( 24 ), ( 94 ), ( 23 ), ( 153 246 ), ( 2 24 63 )
( 95 155 ), ( 4 ), ( 9 ), ( 136 ), ( 10 ), ( 4 16 ), ( 2 8 12 ), ( 247 ), ( 103 ), ( 16 75 ), ( 217 ), ( 104 ), ( 9 225 ), ( 248 249 ), ( 43 ), ( 19 167 ), ( 228 ), ( 136 248 249 ), ( 75 229 ), ( 249 ), ( 205 224 229 ), ( 176 232 250 ), ( 229 ), ( 19 249 251 ), ( 212 229 ), ( 75 165 ), ( 27 229 )
( 27 249 ), ( 25 ), ( 2 20 ), ( 28 ), ( 40 ), ( 23 ), ( 175 252 ), ( 28 35 ), ( 142 253 ), ( 32 134 ), ( 40 132 )
( 30 35 ), ( 78 ), ( 20 ), ( 78 )
( 2 43 44 88 123 254 255 ), ( 25 ), ( 70 ), ( 256 ), ( 78 257 ), ( 2 206 258 ), ( 74 ), ( 88 ), ( 78 259 ), ( 97 134 ), ( 260 261 ), ( 44 88 ), ( 70 257 259 261 ), ( 88 134 ), ( 74 78 262 263 ), ( 264 ), ( 78 80 81 ), ( 88 ), ( 78 81 ), ( 90 )
( 87 152 262 265 266 267 ), ( 2 37 ), ( 268 ), ( 40 ), ( 152 155 ), ( 37 ), ( 28 244 ), ( 54 ), ( 151 155 ), ( 59 87 )
( 112 153 ), ( 18 ), ( 255 ), ( 3 ), ( 156 ), ( 5 9 ), ( 269 ), ( 44 ), ( 97 156 ), ( 9 270 ), ( 88 90 271 ), ( 9 10 272 ), ( 88 159 ), ( 6 9 273 274 ), ( 44 269 ), ( 275 ), ( 88 ), ( 9 12 ), ( 44 88 91 ), ( 226 276 ), ( 2 88 206 ), ( 124 230 ), ( 68 88 ), ( 9 222 227 )
( 2 22 264 ), ( 53 ), ( 22 ), ( 41 ), ( 122 123 126 ), ( 53 ), ( 71 ), ( 102 ), ( 71 122 ), ( 53 116 ), ( 71 ), ( 44 53 ), ( 71 81 277 ), ( 53 124 ), ( 71 124 ), ( 44 53 ), ( 213 ), ( 27 116 205 ), ( 71 127 ), ( 118 )
( 79 130 278 ), ( 9 ), ( 2 149 ), ( 9 ), ( 7 ), ( 279 ), ( 166 ), ( 9 280 ), ( 4 7 ), ( 6 205 223 228 ), ( 145 167 ), ( 223 281 282 ), ( 114 ), ( 283 ), ( 4 19 ), ( 43 )
( 11 66 135 ), ( 2 18 273 ), ( 137 ), ( 10 ), ( 284 ), ( 9 282 ), ( 159 ), ( 75 ), ( 285 ), ( 114 ), ( 73 156 158 ), ( 8 276 ), ( 43 ), ( 9 187 ), ( 68 69 71 ), ( 5 275 ), ( 71 129 286 ), ( 194 287 ), ( 86 137 )
( 9 ), ( 61 ), ( 68 ), ( 20 ), ( 158 ), ( 2 20 33 ), ( 44 286 ), ( 28 38 ), ( 44 88 ), ( 23 28 ), ( 88 205 ), ( 27 ), ( 76 288 ), ( 28 61 140 ), ( 97 289 )
( 26 28 30 66 ), ( 2 20 ), ( 22 ), ( 38 ), ( 73 77 137 ), ( 36 53 ), ( 290 ), ( 44 ), ( 68 71 157 ), ( 53 55 ), ( 44 69 71 ), ( 27 )
( 44 69 71 ), ( 28 ), ( 88 ), ( 28 ), ( 136 ), ( 26 28 ), ( 87 136 ), ( 291 292 ), ( 4 ), ( 23 30 ), ( 97 293 ), ( 188 204 ), ( 4 255 293 294 ), ( 295 296 ), ( 4 91 255 ), ( 14 296 297 ), ( 2 4 97 224 293 298 ), ( 23 140 299 ), ( 13 293 294 300 301 ), ( 14 140 302 303 ), ( 99 212 293 ), ( 14 30 304 ), ( 72 212 293 ), ( 28 305 306 ), ( 212 298 301 ), ( 140 237 302 303 )
( 4 42 45 93 293 ), ( 61 ), ( 39 ), ( 21 ), ( 42 59 121 234 ), ( 31 ), ( 40 ), ( 2 23 34 ), ( 174 ), ( 30 33 ), ( 59 234 ), ( 140 307 )
( 40 56 88 ), ( 9 ), ( 136 ), ( 10 ), ( 90 97 ), ( 9 164 ), ( 13 ), ( 12 ), ( 224 293 294 298 300 ), ( 2 6 26 221 ), ( 88 91 293 ), ( 210 273 308 ), ( 99 293 ), ( 44 205 ), ( 88 97 255 293 294 ), ( 27 226 )
( 3 293 ), ( 2 309 ), ( 3 ), ( 77 ), ( 20 97 ), ( 71 ), ( 20 91 255 ), ( 143 ), ( 44 97 ), ( 71 79 ), ( 13 88 ), ( 43 ), ( 43 50 ), ( 44 71 310 311 ), ( 88 254 )
( 44 71 78 312 313 ), ( 78 ), ( 80 ), ( 78 ), ( 260 ), ( 74 ), ( 74 ), ( 262 266 ), ( 314 ), ( 78 85 ), ( 104 ), ( 78 ), ( 315 ), ( 70 78 261 ), ( 75 316 ), ( 80 261 267 317 ), ( 213 ), ( 81 124 ), ( 85 318 )
( 85 257 263 265 266 ), ( 87 ), ( 9 ), ( 319 ), ( 10 ), ( 2 320 ), ( 210 ), ( 205 ), ( 226 ), ( 26 71 ), ( 6 103 ), ( 104 ), ( 222 223 ), ( 13 95 ), ( 12 205 ), ( 113 214 321 ), ( 27 220 ), ( 43 ), ( 9 187 ), ( 105 322 ), ( 9 114 )
( 105 214 322 ), ( 69 ), ( 71 ), ( 68 73 ), ( 79 ), ( 76 ), ( 71 123 ), ( 71 ), ( 71 79 130 ), ( 66 71 ), ( 323 ), ( 163 ), ( 120 127 ), ( 66 69 71 ), ( 71 126 127 ), ( 71 135 ), ( 71 86 131 ), ( 71 157 185 286 )
( 71 120 ), ( 2 42 59 234 ), ( 22 ), ( 37 233 ), ( 31 ), ( 40 ), ( 5 38 324 ), ( 54 ), ( 28 32 ), ( 174 ), ( 28 ), ( 40 44 ), ( 28 ), ( 51 325 ), ( 26 30 )
( 4 40 100 132 ), ( 88 255 ), ( 4 150 ), ( 2 206 ), ( 166 ), ( 44 ), ( 4 17 ), ( 3 99 ), ( 100 166 ), ( 103 ), ( 4 150 ), ( 72 75 ), ( 4 16 326 ), ( 114 123 ), ( 165 166 ), ( 217 254 ), ( 173 181 ), ( 44 88 254 ), ( 201 ), ( 20 88 212 ), ( 13 167 182 ), ( 88 91 205 ), ( 1 11 145 327 328 ), ( 5 88 )
( 11 17 328 ), ( 73 ), ( 22 122 ), ( 310 ), ( 22 ), ( 185 311 ), ( 71 79 126 ), ( 44 ), ( 71 81 ), ( 71 185 193 313 329 ), ( 127 128 130 ), ( 71 ), ( 71 81 ), ( 43 ), ( 71 120 ), ( 66 71 137 310 ), ( 213 ), ( 66 71 330 )
( 79 86 ), ( 2 22 ), ( 20 ), ( 71 ), ( 23 77 202 ), ( 185 ), ( 140 ), ( 71 312 ), ( 44 ), ( 75 )
( 1 22 26 28 ), ( 38 ), ( 16 ), ( 331 ), ( 2 166 ), ( 102 ), ( 7 ), ( 27 ), ( 4 150 ), ( 53 ), ( 4 166 ), ( 26 118 ), ( 4 165 ), ( 172 ), ( 114 ), ( 53 107 ), ( 4 19 ), ( 43 53 ), ( 43 167 ), ( 53 221 ), ( 4 13 ), ( 38 41 53 108 ), ( 13 165 ), ( 53 116 212 ), ( 168 ), ( 44 53 98 ), ( 16 145 332 )
( 53 ), ( 88 ), ( 40 ), ( 88 90 ), ( 45 ), ( 293 298 ), ( 44 ), ( 93 224 293 298 300 ), ( 54 ), ( 136 294 ), ( 2 42 43 ), ( 88 221 ), ( 42 44 59 ), ( 13 91 255 ), ( 59 121 ), ( 72 88 97 255 293 ), ( 40 144 ), ( 87 99 212 294 ), ( 40 144 ), ( 99 101 136 ), ( 144 221 )
( 136 293 300 301 333 ), ( 2 334 ), ( 32 ), ( 310 311 ), ( 22 ), ( 71 79 ), ( 20 24 28 ), ( 71 137 312 ), ( 20 28 ), ( 71 335 ), ( 25 30 32 ), ( 71 310 ), ( 23 24 28 ), ( 71 86 ), ( 28 31 35 )
( 120 312 334 ), ( 2 20 ), ( 40 ), ( 3 ), ( 39 ), ( 254 ), ( 174 ), ( 97 ), ( 124 ), ( 3 206 ), ( 121 144 ), ( 13 ), ( 44 54 ), ( 43 ), ( 45 51 ), ( 72 88 91 ), ( 39 42 58 59 121 174 ), ( 75 205 ), ( 37 40 59 ), ( 5 88 91 206 ), ( 40 )
( 88 114 ), ( 2 135 ), ( 101 ), ( 73 ), ( 101 ), ( 71 ), ( 3 101 ), ( 77 ), ( 208 242 ), ( 84 286 ), ( 20 205 ), ( 22 71 79 ), ( 77 109 112 ), ( 71 156 158 ), ( 101 ), ( 27 336 ), ( 101 ), ( 27 69 71 241 ), ( 3 101 105 ), ( 22 71 86 ), ( 101 113 217 ), ( 71 ), ( 105 337 ), ( 71 73 158 )
( 112 119 ), ( 85 ), ( 2 7 ), ( 78 ), ( 1 4 ), ( 74 ), ( 4 ), ( 338 ), ( 4 167 ), ( 69 338 ), ( 149 167 ), ( 68 78 339 ), ( 4 75 ), ( 339 340 ), ( 17 165 ), ( 44 78 ), ( 4 7 197 ), ( 76 78 )
( 4 11 ), ( 150 ), ( 37 ), ( 2 149 ), ( 39 40 ), ( 16 177 ), ( 174 ), ( 166 ), ( 13 ), ( 165 ), ( 51 ), ( 4 149 ), ( 13 42 54 ), ( 4 13 ), ( 27 44 ), ( 167 ), ( 40 51 ), ( 4 19 )
( 54 66 124 ), ( 214 ), ( 2 68 135 ), ( 101 ), ( 135 ), ( 44 ), ( 71 79 ), ( 27 ), ( 44 69 ), ( 101 205 ), ( 66 71 120 ), ( 101 219 ), ( 44 71 ), ( 105 112 ), ( 71 163 ), ( 101 112 113 133 ), ( 72 125 ), ( 43 101 )
( 71 73 79 ), ( 135 ), ( 79 ), ( 142 ), ( 2 68 76 ), ( 68 79 ), ( 66 71 329 ), ( 73 157 158 ), ( 79 185 ), ( 120 142 ), ( 21 71 137 ), ( 66 84 135 ), ( 125 ), ( 71 ), ( 71 135 137 341 ), ( 71 211 )
( 3 27 69 120 ), ( 37 ), ( 254 ), ( 39 40 ), ( 254 ), ( 44 ), ( 88 123 ), ( 2 121 174 ), ( 20 88 97 255 ), ( 43 )
( 91 221 ), ( 150 ), ( 2 121 ), ( 177 ), ( 37 ), ( 7 ), ( 42 43 ), ( 167 ), ( 59 234 ), ( 75 ), ( 13 ), ( 124 ), ( 40 54 ), ( 4 121 232 ), ( 40 174 ), ( 4 ), ( 40 ), ( 165 342 ), ( 40 54 121 ), ( 4 39 58 75 ), ( 39 44 58 ), ( 4 16 176 ), ( 40 51 ), ( 4 7 167 ), ( 40 45 174 ), ( 4 43 343 ), ( 124 221 ), ( 4 165 ), ( 13 40 ), ( 4 114 )
( 2 37 56 59 60 ), ( 42 44 ), ( 121 ), ( 45 ), ( 344 ), ( 37 39 ), ( 39 121 ), ( 40 44 ), ( 40 44 ), ( 40 121 ), ( 40 132 ), ( 40 ), ( 51 ), ( 40 ), ( 40 144 ), ( 39 43 58 ), ( 13 40 221 ), ( 40 54 59 )
( 2 39 40 42 59 174 234 ), ( 42 44 ), ( 39 ), ( 45 ), ( 13 ), ( 40 ), ( 37 44 ), ( 40 ), ( 144 ), ( 40 )
( 56 132 ), ( 61 ), ( 150 ), ( 34 ), ( 182 ), ( 22 ), ( 142 ), ( 34 345 )
( 166 ), ( 47 ), ( 2 20 ), ( 53 ), ( 3 ), ( 41 ), ( 206 255 ), ( 162 ), ( 44 ), ( 27 ), ( 75 ), ( 46 ), ( 47 50 52 99 205 ), ( 38 41 107 ), ( 88 346 ), ( 172 )
( 25 44 88 ), ( 40 ), ( 20 ), ( 40 ), ( 31 ), ( 62 ), ( 28 32 ), ( 174 ), ( 24 30 ), ( 40 347 ), ( 23 35 324 ), ( 144 )
( 28 38 95 134 ), ( 88 255 ), ( 87 268 ), ( 348 ), ( 94 245 ), ( 91 ), ( 4 155 ), ( 2 224 293 294 298 300 ), ( 4 98 ), ( 97 293 )
( 92 100 268 ), ( 70 ), ( 1 ), ( 78 82 ), ( 4 150 ), ( 81 ), ( 2 4 17 ), ( 75 ), ( 4 145 ), ( 78 80 317 ), ( 4 166 ), ( 80 227 ), ( 4 182 ), ( 43 ), ( 4 19 ), ( 317 349 350 ), ( 1 145 165 ), ( 78 81 83 ), ( 4 16 100 ), ( 74 78 ), ( 4 109 182 ), ( 78 114 ), ( 4 13 ), ( 78 314 351 ), ( 201 ), ( 78 82 352 ), ( 13 16 173 ), ( 75 353 ), ( 4 150 181 ), ( 78 129 ), ( 114 167 354 ), ( 78 355 356 ), ( 4 86 326 ), ( 78 163 ), ( 4 86 ), ( 78 329 357 ), ( 11 86 ), ( 78 358 ), ( 11 86 ), ( 359 ), ( 4 86 )
( 78 241 289 ), ( 69 ), ( 2 107 ), ( 135 ), ( 53 ), ( 66 79 ), ( 53 ), ( 71 137 ), ( 98 ), ( 66 69 120 ), ( 75 ), ( 22 77 ), ( 53 102 ), ( 71 360 ), ( 53 98 ), ( 71 73 ), ( 116 205 ), ( 71 73 137 190 361 ), ( 53 108 118 ), ( 71 72 76 ), ( 38 55 362 ), ( 71 135 185 190 ), ( 53 108 110 ), ( 71 ), ( 44 53 )
( 69 86 ), ( 2 38 ), ( 73 ), ( 28 ), ( 71 ), ( 29 ), ( 44 ), ( 28 33 ), ( 27 ), ( 296 )
( 2 22 79 84 ), ( 137 253 ), ( 20 ), ( 120 ), ( 29 34 ), ( 44 ), ( 140 ), ( 310 312 313 ), ( 22 35 ), ( 44 79 ), ( 28 44 ), ( 13 66 193 ), ( 28 33 ), ( 71 86 )
( 2 21 28 30 63 ), ( 107 ), ( 20 ), ( 41 ), ( 29 ), ( 44 ), ( 28 61 ), ( 41 53 ), ( 38 63 ), ( 53 118 ), ( 64 ), ( 355 ), ( 43 ), ( 118 221 ), ( 24 64 ), ( 57 ), ( 22 28 140 ), ( 102 306 )
( 28 30 33 35 69 ), ( 73 ), ( 71 ), ( 2 76 ), ( 135 ), ( 55 ), ( 71 137 363 ), ( 76 ), ( 66 137 364 ), ( 53 156 ), ( 71 120 ), ( 68 102 ), ( 44 69 79 ), ( 68 162 ), ( 71 72 ), ( 38 53 102 ), ( 71 77 185 ), ( 53 ), ( 27 71 ), ( 53 55 338 ), ( 68 71 73 84 ), ( 41 53 118 141 )
( 43 71 145 ), ( 85 ), ( 182 ), ( 81 ), ( 17 ), ( 2 263 267 ), ( 13 ), ( 263 317 ), ( 114 ), ( 262 266 ), ( 4 150 167 ), ( 85 365 )
( 13 145 ), ( 1 16 ), ( 2 149 ), ( 366 ), ( 7 ), ( 7 ), ( 166 ), ( 165 ), ( 4 ), ( 4 100 ), ( 19 ), ( 4 11 ), ( 4 16 166 ), ( 4 176 ), ( 43 ), ( 4 167 ), ( 4 7 ), ( 4 ), ( 4 13 ), ( 4 17 27 ), ( 4 114 ), ( 367 ), ( 1 165 173 ), ( 4 145 150 ), ( 15 16 150 165 ), ( 7 16 145 166 ), ( 4 11 145 150 ), ( 13 165 )
( 17 ), ( 150 ), ( 2 121 ), ( 15 ), ( 121 ), ( 4 ), ( 13 42 ), ( 248 251 ), ( 40 ), ( 150 ), ( 174 ), ( 19 ), ( 40 44 ), ( 251 368 ), ( 51 ), ( 4 181 ), ( 40 54 ), ( 4 15 ), ( 40 51 ), ( 4 167 ), ( 44 124 ), ( 4 176 ), ( 37 40 174 344 ), ( 4 19 )
( 56 132 150 ), ( 2 35 ), ( 15 ), ( 26 ), ( 17 ), ( 25 28 ), ( 4 150 ), ( 5 189 ), ( 4 149 ), ( 28 63 ), ( 16 173 ), ( 28 ), ( 4 17 ), ( 28 32 63 ), ( 4 149 ), ( 25 28 )
( 4 19 ), ( 88 ), ( 273 ), ( 348 ), ( 9 ), ( 369 ), ( 6 222 ), ( 88 91 ), ( 225 ), ( 90 255 370 ), ( 9 26 164 ), ( 88 91 ), ( 43 ), ( 2 13 93 97 ), ( 212 224 ), ( 348 371 ), ( 210 220 372 ), ( 88 99 206 ), ( 9 10 75 ), ( 88 206 212 ), ( 2 9 217 230 ), ( 13 88 90 ), ( 9 205 210 ), ( 212 ), ( 9 187 ), ( 93 300 359 ), ( 9 100 276 ), ( 88 97 369 ), ( 27 103 ), ( 88 )
( 9 124 227 351 353 ), ( 36 ), ( 2 22 ), ( 52 ), ( 324 ), ( 38 ), ( 24 29 ), ( 44 ), ( 28 38 ), ( 53 107 ), ( 28 63 ), ( 27 ), ( 31 134 ), ( 57 ), ( 22 24 28 ), ( 41 53 162 )
( 5 63 145 ), ( 68 ), ( 7 ), ( 44 68 135 ), ( 16 145 ), ( 2 71 79 373 ), ( 165 ), ( 71 142 ), ( 19 ), ( 71 374 ), ( 4 166 ), ( 71 158 190 ), ( 4 13 ), ( 71 ), ( 4 43 ), ( 13 79 156 ), ( 4 7 11 ), ( 43 137 141 375 )
( 165 167 ), ( 145 ), ( 3 ), ( 7 ), ( 20 148 ), ( 4 177 ), ( 72 97 ), ( 11 ), ( 13 ), ( 4 177 ), ( 3 44 ), ( 4 366 ), ( 88 123 ), ( 4 150 ), ( 91 346 ), ( 4 11 ), ( 43 88 ), ( 165 342 ), ( 114 254 ), ( 4 7 13 ), ( 75 205 )
( 4 165 ), ( 2 69 ), ( 145 ), ( 79 ), ( 4 ), ( 68 73 ), ( 166 ), ( 71 135 137 ), ( 16 210 ), ( 157 185 194 ), ( 181 ), ( 120 137 324 ), ( 165 182 ), ( 43 ), ( 7 165 ), ( 22 163 ), ( 17 19 )
( 194 ), ( 2 70 ), ( 39 ), ( 78 ), ( 44 ), ( 67 ), ( 174 ), ( 74 ), ( 124 ), ( 78 81 ), ( 37 40 ), ( 314 ), ( 40 174 ), ( 70 75 ), ( 59 60 144 ), ( 43 317 ), ( 13 39 58 344 ), ( 78 350 )
( 40 42 54 56 132 ), ( 25 ), ( 2 150 ), ( 32 ), ( 145 ), ( 22 ), ( 1 4 ), ( 28 38 )
( 2 4 11 17 37 166 ), ( 88 ), ( 40 ), ( 90 ), ( 40 ), ( 300 376 ), ( 13 42 ), ( 206 255 ), ( 27 42 121 ), ( 13 ), ( 40 54 ), ( 72 75 97 300 ), ( 40 59 60 ), ( 88 91 96 ), ( 40 174 ), ( 91 97 264 )
( 1 56 132 ), ( 164 ), ( 15 ), ( 222 ), ( 2 166 ), ( 210 ), ( 149 150 ), ( 9 282 ), ( 165 ), ( 27 ), ( 11 ), ( 9 280 ), ( 4 16 173 ), ( 6 221 230 ), ( 43 ), ( 9 75 280 ), ( 165 166 ), ( 226 230 ), ( 4 145 149 ), ( 228 )
( 168 ), ( 272 ), ( 3 ), ( 20 ), ( 20 ), ( 2 14 38 ), ( 20 208 ), ( 5 10 ), ( 337 ), ( 205 ), ( 101 111 ), ( 12 18 ), ( 75 ), ( 43 ), ( 43 ), ( 9 20 279 ), ( 44 101 )
( 9 25 38 377 ), ( 2 121 ), ( 3 ), ( 39 ), ( 88 ), ( 44 ), ( 44 ), ( 37 ), ( 148 205 ), ( 51 ), ( 255 378 ), ( 13 121 ), ( 25 88 91 ), ( 54 59 234 ), ( 44 91 )
( 40 42 56 61 132 ), ( 66 ), ( 21 ), ( 2 66 310 313 ), ( 29 ), ( 77 79 ), ( 22 34 ), ( 120 ), ( 33 209 ), ( 22 ), ( 44 ), ( 312 ), ( 379 ), ( 71 ), ( 203 ), ( 13 311 ), ( 64 ), ( 129 311 ), ( 26 28 30 ), ( 44 ), ( 22 28 203 ), ( 44 71 ), ( 28 43 ), ( 71 137 185 310 ), ( 28 64 ), ( 310 )
( 28 380 ), ( 381 ), ( 89 ), ( 2 20 ), ( 101 244 ), ( 218 ), ( 152 382 ), ( 101 ), ( 101 ), ( 101 111 ), ( 95 101 ), ( 101 112 ), ( 101 154 ), ( 13 101 )
( 101 112 381 ), ( 1 ), ( 21 ), ( 2 149 ), ( 22 ), ( 4 16 ), ( 28 61 ), ( 4 145 ), ( 24 140 ), ( 4 ), ( 64 ), ( 342 ), ( 26 203 ), ( 176 ), ( 28 64 ), ( 17 75 ), ( 27 29 202 ), ( 16 164 ), ( 28 33 ), ( 367 )
( 63 ), ( 100 ), ( 20 ), ( 16 ), ( 88 148 ), ( 81 ), ( 44 ), ( 7 ), ( 75 ), ( 4 100 150 ), ( 206 254 ), ( 7 81 ), ( 13 123 ), ( 2 260 383 ), ( 72 88 91 ), ( 16 136 199 384 )
( 99 ), ( 2 22 ), ( 4 ), ( 71 ), ( 77 149 ), ( 312 ), ( 173 ), ( 71 313 ), ( 4 7 ), ( 71 309 ), ( 4 173 ), ( 66 71 379 ), ( 1 4 150 385 ), ( 71 79 120 ), ( 243 ), ( 79 378 ), ( 1 165 167 ), ( 43 71 ), ( 4 17 165 ), ( 71 185 386 ), ( 4 19 ), ( 13 86 ), ( 4 13 ), ( 71 185 309 310 313 387 )
( 4 7 17 19 388 ), ( 2 38 ), ( 21 ), ( 5 272 ), ( 20 ), ( 3 ), ( 44 ), ( 9 20 ), ( 26 33 ), ( 222 389 ), ( 203 ), ( 5 25 205 ), ( 61 65 140 202 ), ( 9 279 ), ( 30 ), ( 18 ), ( 27 ), ( 26 205 ), ( 43 237 )
( 9 377 ), ( 2 66 ), ( 53 ), ( 68 ), ( 41 ), ( 71 135 ), ( 102 ), ( 71 73 ), ( 11 ), ( 69 71 79 ), ( 171 ), ( 68 71 156 ), ( 169 390 ), ( 43 ), ( 102 116 )
( 158 159 194 ), ( 16 150 ), ( 128 332 ), ( 391 ), ( 116 ), ( 4 ), ( 41 268 ), ( 165 ), ( 41 53 ), ( 4 391 ), ( 81 92 155 179 332 )
( 4 392 ), ( 39 ), ( 2 142 ), ( 40 ), ( 85 ), ( 42 43 ), ( 67 257 ), ( 13 ), ( 70 267 ), ( 124 ), ( 393 ), ( 40 44 54 ), ( 43 ), ( 75 174 ), ( 67 70 83 257 ), ( 40 42 51 121 ), ( 27 78 394 ), ( 40 59 234 ), ( 78 365 ), ( 39 40 58 59 234 ), ( 78 85 ), ( 37 56 121 ), ( 78 394 )
( 40 56 132 ), ( 2 22 ), ( 22 122 ), ( 29 ), ( 71 128 ), ( 28 ), ( 34 71 81 122 ), ( 23 28 ), ( 71 126 ), ( 28 38 233 ), ( 323 ), ( 64 ), ( 120 127 128 ), ( 21 30 ), ( 71 125 )
( 28 ), ( 9 100 ), ( 2 81 ), ( 9 ), ( 22 ), ( 12 126 ), ( 122 ), ( 103 ), ( 260 ), ( 9 164 ), ( 120 122 ), ( 9 273 395 ), ( 125 ), ( 124 ), ( 22 71 128 ), ( 217 222 ), ( 71 86 277 ), ( 6 ), ( 79 129 130 ), ( 9 10 212 224 ), ( 71 127 128 ), ( 26 ), ( 71 323 ), ( 227 ), ( 71 72 396 ), ( 9 205 ), ( 120 124 ), ( 276 351 ), ( 86 187 ), ( 27 225 )
( 71 75 78 ), ( 70 ), ( 80 ), ( 81 262 ), ( 78 85 ), ( 85 259 ), ( 78 81 ), ( 81 257 ), ( 78 85 ), ( 70 74 ), ( 397 ), ( 78 ), ( 74 80 ), ( 78 261 ), ( 398 ), ( 78 259 267 317 ), ( 78 124 ), ( 78 124 267 ), ( 75 267 350 ), ( 74 78 261 ), ( 78 ), ( 78 260 ), ( 201 257 )
( 78 257 262 263 265 266 317 ), ( 52 ), ( 2 145 ), ( 53 ), ( 1 16 ), ( 53 258 ), ( 149 ), ( 162 ), ( 4 177 ), ( 44 52 ), ( 1 166 ), ( 46 )
( 4 47 50 167 324 ), ( 280 ), ( 22 ), ( 9 ), ( 20 ), ( 210 ), ( 24 29 ), ( 212 ), ( 28 134 ), ( 223 226 )
( 2 28 30 35 ), ( 146 ), ( 20 ), ( 2 91 ), ( 31 ), ( 206 255 ), ( 29 ), ( 44 ), ( 22 134 ), ( 88 264 ), ( 28 ), ( 13 ), ( 28 134 ), ( 93 ), ( 24 ), ( 88 264 )
( 26 28 30 ), ( 40 ), ( 38 ), ( 121 ), ( 23 ), ( 40 ), ( 29 ), ( 174 ), ( 26 33 ), ( 40 54 ), ( 2 43 ), ( 37 54 ), ( 28 29 35 ), ( 40 51 )
( 22 28 30 63 ), ( 3 ), ( 122 ), ( 9 272 ), ( 120 ), ( 5 ), ( 126 ), ( 2 10 ), ( 120 123 ), ( 44 ), ( 127 128 ), ( 26 44 ), ( 323 ), ( 9 389 ), ( 86 127 130 ), ( 9 279 ), ( 71 122 ), ( 279 ), ( 71 81 128 323 ), ( 228 377 ), ( 71 212 ), ( 10 43 ), ( 213 ), ( 5 205 )
( 69 72 79 86 130 135 ), ( 366 ), ( 158 ), ( 4 ), ( 66 71 73 ), ( 75 ), ( 71 79 ), ( 399 ), ( 71 84 ), ( 165 343 ), ( 2 129 141 )
( 4 181 ), ( 100 ), ( 2 44 78 ), ( 16 17 ), ( 70 317 ), ( 13 ), ( 70 78 ), ( 19 ), ( 78 400 ), ( 4 17 ), ( 43 ), ( 4 176 ), ( 78 400 ), ( 4 100 166 ), ( 74 78 263 ), ( 11 13 ), ( 257 261 262 266 ), ( 166 176 )
( 81 ), ( 324 ), ( 38 ), ( 32 ), ( 71 ), ( 31 ), ( 71 ), ( 20 22 ), ( 79 185 ), ( 24 28 30 ), ( 71 120 310 ), ( 23 134 ), ( 71 79 137 195 ), ( 28 ), ( 13 71 )
( 29 150 ), ( 47 ), ( 145 ), ( 2 41 ), ( 4 ), ( 52 319 ), ( 4 145 ), ( 5 160 ), ( 165 ), ( 5 47 52 53 ), ( 149 ), ( 46 ), ( 1 49 50 176 ), ( 41 107 401 ), ( 4 11 150 ), ( 36 53 102 ), ( 4 16 166 ), ( 53 118 ), ( 168 ), ( 53 402 ), ( 1 4 7 332 ), ( 50 160 403 ), ( 4 15 17 ), ( 118 403 ), ( 4 7 13 ), ( 44 53 107 404 ), ( 13 165 ), ( 26 53 ), ( 4 16 43 ), ( 53 108 ), ( 4 114 )
( 46 53 175 ), ( 100 ), ( 37 )
( 2 17 20 ), ( 156 ), ( 33 ), ( 73 312 ), ( 29 ), ( 137 156 ), ( 21 34 ), ( 44 405 ), ( 38 63 ), ( 71 406 ), ( 27 ), ( 76 84 ), ( 43 ), ( 71 79 86 ), ( 28 203 ), ( 69 71 ), ( 28 64 ), ( 71 79 135 190 ), ( 22 28 33 35 )
( 47 71 ), ( 85 ), ( 53 ), ( 81 ), ( 156 ), ( 80 ), ( 98 ), ( 74 ), ( 38 53 ), ( 262 266 317 ), ( 26 118 ), ( 78 259 261 ), ( 102 116 ), ( 124 259 ), ( 57 ), ( 70 260 261 267 317 ), ( 172 )
( 61 257 263 265 ), ( 2 20 ), ( 20 ), ( 38 ), ( 35 407 ), ( 55 ), ( 140 ), ( 44 ), ( 21 23 ), ( 41 48 50 107 ), ( 63 65 ), ( 53 118 )
( 24 28 34 ), ( 47 ), ( 66 ), ( 52 ), ( 135 ), ( 38 ), ( 2 185 ), ( 41 ), ( 86 ), ( 102 ), ( 71 72 ), ( 20 53 107 ), ( 69 84 ), ( 53 162 ), ( 43 ), ( 102 162 )
( 2 20 71 79 86 ), ( 88 ), ( 208 ), ( 206 255 ), ( 20 112 ), ( 88 ), ( 44 ), ( 346 ), ( 75 ), ( 75 ), ( 105 ), ( 75 408 )
( 119 242 ), ( 25 ), ( 69 ), ( 32 ), ( 135 ), ( 189 ), ( 66 71 ), ( 20 24 ), ( 2 71 185 ), ( 26 28 ), ( 71 76 ), ( 5 28 258 ), ( 44 71 ), ( 25 28 ), ( 71 77 )
( 28 29 202 ), ( 66 137 409 ), ( 2 136 ), ( 137 ), ( 88 ), ( 86 ), ( 293 298 ), ( 158 410 ), ( 72 255 293 294 ), ( 68 84 ), ( 301 ), ( 43 ), ( 97 136 ), ( 73 79 410 ), ( 224 255 293 298 )
( 79 86 ), ( 2 38 ), ( 22 ), ( 5 ), ( 29 33 ), ( 23 ), ( 34 38 ), ( 25 189 ), ( 27 ), ( 28 189 ), ( 28 ), ( 63 134 202 )
( 2 21 30 87 152 246 ), ( 89 ), ( 268 ), ( 41 ), ( 153 ), ( 246 268 ), ( 55 )
( 55 244 ), ( 66 ), ( 258 ), ( 310 313 ), ( 26 ), ( 71 ), ( 2 26 38 ), ( 411 ), ( 38 53 ), ( 79 185 ), ( 102 ), ( 120 310 ), ( 53 ), ( 71 77 ), ( 43 ), ( 71 86 313 ), ( 5 31 118 ), ( 71 311 ), ( 25 53 98 ), ( 22 125 ), ( 53 ), ( 71 ), ( 53 412 ), ( 66 71 312 ), ( 31 53 258 ), ( 13 71 )
( 5 402 ), ( 150 ), ( 35 ), ( 2 7 ), ( 22 25 ), ( 149 ), ( 29 ), ( 1 4 24 ), ( 23 28 ), ( 11 ), ( 28 29 ), ( 4 149 ), ( 25 26 30 ), ( 4 75 )
( 28 32 272 ), ( 15 ), ( 20 ), ( 136 ), ( 2 3 273 ), ( 4 150 251 ), ( 205 )
( 2 9 165 ), ( 37 ), ( 9 ), ( 45 ), ( 224 ), ( 40 121 ), ( 210 ), ( 39 45 ), ( 6 280 282 ), ( 43 ), ( 124 ), ( 40 54 ), ( 210 230 ), ( 40 144 ), ( 9 75 ), ( 39 40 44 58 ), ( 9 223 282 413 ), ( 40 59 132 ), ( 205 222 223 )
( 13 42 51 ), ( 2 37 ), ( 79 ), ( 40 ), ( 22 ), ( 45 ), ( 66 137 ), ( 40 121 ), ( 71 414 ), ( 40 77 221 ), ( 13 193 ), ( 124 ), ( 44 71 ), ( 51 ), ( 129 311 ), ( 13 54 59 234 ), ( 71 86 313 334 )
( 56 ), ( 18 ), ( 39 ), ( 2 3 272 ), ( 39 121 ), ( 389 ), ( 174 ), ( 9 18 ), ( 43 ), ( 6 12 ), ( 13 37 ), ( 12 282 ), ( 40 174 ), ( 8 9 205 ), ( 40 124 ), ( 43 415 ), ( 56 132 221 ), ( 9 114 )
( 40 56 132 ), ( 20 52 ), ( 9 ), ( 47 53 ), ( 6 26 ), ( 20 53 ), ( 12 ), ( 27 ), ( 217 ), ( 46 ), ( 10 47 49 50 221 ), ( 36 48 118 ), ( 2 75 273 416 ), ( 57 ), ( 8 9 223 ), ( 38 46 ), ( 50 103 230 ), ( 53 ), ( 9 27 224 ), ( 43 53 ), ( 9 220 225 ), ( 53 102 ), ( 43 )
( 53 107 162 380 ), ( 40 ), ( 208 ), ( 39 ), ( 380 417 ), ( 174 ), ( 101 418 ), ( 37 44 ), ( 101 218 ), ( 45 54 ), ( 2 419 ), ( 40 51 325 ), ( 38 420 )
( 40 59 132 234 ), ( 272 ), ( 2 72 ), ( 3 ), ( 22 ), ( 10 ), ( 122 ), ( 5 272 ), ( 126 ), ( 9 ), ( 79 277 ), ( 9 38 ), ( 71 122 ), ( 18 ), ( 323 ), ( 43 ), ( 128 396 ), ( 8 279 ), ( 71 123 ), ( 287 ), ( 71 120 126 127 128 ), ( 3 226 377 ), ( 130 213 ), ( 20 205 ), ( 22 71 124 ), ( 205 377 ), ( 71 131 187 ), ( 9 10 281 )
( 79 86 129 130 ), ( 47 ), ( 20 ), ( 107 ), ( 133 ), ( 2 44 ), ( 337 ), ( 162 ), ( 101 113 ), ( 44 52 ), ( 105 ), ( 102 107 ), ( 101 208 ), ( 53 102 ), ( 101 103 112 ), ( 57 ), ( 113 217 ), ( 26 43 ), ( 44 101 111 ), ( 46 ), ( 47 48 49 50 ), ( 53 ), ( 3 101 112 208 ), ( 41 53 ), ( 101 ), ( 50 53 55 ), ( 3 101 105 ), ( 38 53 )
( 2 22 119 ), ( 88 ), ( 21 ), ( 255 ), ( 34 ), ( 206 ), ( 21 ), ( 136 ), ( 140 ), ( 206 298 ), ( 29 33 ), ( 88 136 421 ), ( 27 422 ), ( 88 ), ( 35 203 ), ( 88 301 )
( 20 27 422 ), ( 2 78 ), ( 20 ), ( 78 ), ( 101 ), ( 81 ), ( 44 ), ( 26 78 ), ( 217 ), ( 27 ), ( 105 ), ( 74 423 ), ( 44 101 ), ( 257 266 317 )
( 20 22 27 105 140 ), ( 150 ), ( 1 ), ( 145 ), ( 2 15 16 ), ( 4 ), ( 4 150 ), ( 166 ), ( 4 145 ), ( 11 ), ( 11 ), ( 7 ), ( 165 ), ( 149 166 ), ( 7 166 ), ( 4 17 ), ( 4 17 ), ( 4 240 ), ( 4 145 150 167 ), ( 13 ), ( 4 13 ), ( 4 145 176 )
( 4 19 25 32 ), ( 2 41 ), ( 23 ), ( 48 53 ), ( 28 32 ), ( 162 )
( 20 30 ), ( 88 ), ( 88 ), ( 91 ), ( 88 ), ( 44 ), ( 225 ), ( 90 255 ), ( 13 ), ( 124 ), ( 91 97 ), ( 376 ), ( 2 90 293 294 300 ), ( 44 93 184 206 300 ), ( 72 93 97 293 300 ), ( 88 97 255 294 370 ), ( 99 136 293 298 ), ( 13 88 90 99 ), ( 136 301 ), ( 97 212 264 424 ), ( 136 301 ), ( 88 93 184 370 424 ), ( 88 91 212 255 ), ( 370 425 )
( 90 150 251 293 294 298 368 ), ( 108 268 )
( 250 368 ), ( 310 311 ), ( 2 10 ), ( 66 137 420 426 ), ( 220 )
( 25 185 ), ( 2 20 ), ( 5 272 ), ( 21 ), ( 14 ), ( 63 202 ), ( 10 ), ( 23 ), ( 205 372 ), ( 26 29 ), ( 8 9 ), ( 28 140 ), ( 9 20 ), ( 44 63 ), ( 5 9 14 258 ), ( 27 33 )
( 258 ), ( 69 ), ( 150 ), ( 135 ), ( 4 ), ( 77 ), ( 232 ), ( 137 296 ), ( 16 68 69 ), ( 71 72 ), ( 248 251 ), ( 163 ), ( 136 167 ), ( 71 76 137 375 ), ( 2 176 182 ), ( 129 286 ), ( 4 15 150 251 )
( 2 21 79 86 286 ), ( 222 ), ( 38 ), ( 9 ), ( 29 ), ( 9 ), ( 22 28 ), ( 75 )
( 26 30 73 ), ( 40 ), ( 22 ), ( 121 ), ( 77 ), ( 42 124 ), ( 68 79 ), ( 39 59 ), ( 73 84 120 ), ( 54 321 ), ( 2 129 329 ), ( 40 75 )
( 2 3 86 ), ( 310 ), ( 20 255 ), ( 137 427 ), ( 254 ), ( 71 137 428 ), ( 44 ), ( 13 ), ( 13 ), ( 13 )
( 97 205 ), ( 380 ), ( 20 ), ( 214 ), ( 208 242 ), ( 345 ), ( 101 ), ( 111 ), ( 75 ), ( 429 ), ( 217 ), ( 430 ), ( 3 101 113 ), ( 2 101 111 418 ), ( 101 205 ), ( 345 431 ), ( 101 109 ), ( 212 430 ), ( 101 114 115 ), ( 101 )
( 119 ), ( 50 ), ( 2 135 ), ( 107 ), ( 135 ), ( 47 53 ), ( 66 137 ), ( 38 53 ), ( 71 79 ), ( 41 53 ), ( 71 374 ), ( 53 98 ), ( 27 73 ), ( 53 75 ), ( 125 ), ( 43 48 ), ( 69 76 120 329 ), ( 432 )
( 37 71 79 86 194 ), ( 9 ), ( 39 40 ), ( 2 210 ), ( 40 59 60 ), ( 9 273 ), ( 51 ), ( 75 ), ( 40 44 ), ( 26 226 ), ( 144 ), ( 44 223 )
( 42 56 174 ), ( 66 ), ( 69 ), ( 25 313 ), ( 135 ), ( 127 ), ( 2 71 79 ), ( 71 ), ( 44 ), ( 22 134 ), ( 84 126 137 ), ( 123 293 ), ( 71 77 433 ), ( 66 86 434 )
( 1 27 71 73 ), ( 85 ), ( 4 ), ( 44 263 ), ( 4 ), ( 74 ), ( 2 19 ), ( 70 78 400 ), ( 1 16 166 ), ( 43 262 ), ( 100 181 ), ( 70 78 261 ), ( 4 ), ( 78 257 266 ), ( 4 100 176 ), ( 78 257 262 266 317 ), ( 17 150 165 ), ( 78 267 ), ( 201 ), ( 78 259 )
( 4 68 145 ), ( 85 ), ( 76 ), ( 78 ), ( 13 137 ), ( 44 ), ( 66 84 ), ( 2 314 317 ), ( 163 ), ( 67 85 317 ), ( 22 27 ), ( 104 )
( 77 86 ), ( 25 ), ( 2 42 44 ), ( 28 ), ( 37 ), ( 29 ), ( 40 ), ( 20 28 ), ( 44 ), ( 24 28 ), ( 27 ), ( 28 ), ( 40 54 )
( 23 35 38 380 ), ( 20 ), ( 420 ), ( 113 ), ( 2 151 214 ), ( 3 20 337 ), ( 112 381 435 ), ( 111 115 ), ( 101 417 ), ( 101 ), ( 419 )
( 119 ), ( 2 16 150 ), ( 37 ), ( 145 ), ( 42 59 121 234 ), ( 4 ), ( 40 ), ( 1 4 ), ( 37 40 ), ( 11 ), ( 13 ), ( 4 ), ( 42 44 75 ), ( 4 165 ), ( 51 ), ( 165 167 ), ( 13 45 ), ( 19 177 ), ( 40 54 121 ), ( 4 166 ), ( 44 174 ), ( 4 7 342 ), ( 39 40 58 174 ), ( 201 ), ( 40 51 ), ( 4 17 436 ), ( 40 45 221 ), ( 4 177 ), ( 54 124 ), ( 4 145 328 437 ), ( 39 40 58 59 60 ), ( 4 7 150 327 ), ( 40 56 ), ( 4 13 16 )
( 56 132 ), ( 52 ), ( 68 ), ( 2 38 50 ), ( 44 68 ), ( 47 53 ), ( 71 159 ), ( 102 ), ( 69 158 438 ), ( 75 ), ( 163 ), ( 46 )
( 47 50 73 79 86 ), ( 20 42 178 ), ( 3 ), ( 121 ), ( 2 44 ), ( 439 ), ( 3 112 ), ( 203 ), ( 217 ), ( 40 54 ), ( 101 112 208 ), ( 59 344 ), ( 75 101 ), ( 40 440 ), ( 101 103 ), ( 40 62 )
( 111 115 205 ), ( 2 37 ), ( 267 ), ( 39 ), ( 83 ), ( 44 ), ( 85 259 ), ( 59 ), ( 78 80 ), ( 40 44 ), ( 78 81 ), ( 144 ), ( 74 261 317 ), ( 40 ), ( 78 124 ), ( 441 )
( 69 257 263 265 266 ), ( 2 21 ), ( 68 ), ( 28 ), ( 44 ), ( 29 ), ( 66 76 ), ( 23 ), ( 135 137 406 ), ( 75 ), ( 22 71 79 )
( 22 30 ), ( 22 ), ( 2 67 ), ( 76 77 ), ( 78 ), ( 69 137 394 ), ( 74 ), ( 27 ), ( 306 ), ( 163 ), ( 27 317 ), ( 66 71 ), ( 82 350 ), ( 73 84 137 380 ), ( 78 314 ), ( 68 71 ), ( 257 398 ), ( 71 73 ), ( 78 104 442 ), ( 72 125 329 ), ( 114 442 ), ( 71 141 185 ), ( 81 85 442 ), ( 129 190 286 ), ( 80 321 442 ), ( 71 86 ), ( 213 395 ), ( 86 135 ), ( 43 442 ), ( 71 79 86 ), ( 75 442 ), ( 71 86 ), ( 259 442 )
( 79 86 324 ), ( 3 ), ( 22 ), ( 101 ), ( 29 ), ( 44 ), ( 23 25 ), ( 443 )
( 2 24 30 63 ), ( 40 ), ( 21 ), ( 45 ), ( 23 ), ( 45 ), ( 44 ), ( 59 ), ( 2 29 63 ), ( 444 ), ( 23 28 61 ), ( 144 ), ( 28 34 ), ( 43 )
( 1 28 35 ), ( 107 ), ( 1 ), ( 48 156 ), ( 2 4 150 ), ( 44 ), ( 4 182 ), ( 38 49 53 ), ( 165 ), ( 53 118 ), ( 11 100 ), ( 53 107 ), ( 44 145 ), ( 26 53 102 ), ( 4 13 16 ), ( 57 ), ( 4 100 181 ), ( 46 179 ), ( 4 47 50 52 176 182 ), ( 53 ), ( 4 145 445 ), ( 53 55 ), ( 4 11 ), ( 53 118 ), ( 4 166 ), ( 50 53 160 179 ), ( 4 57 ), ( 46 53 156 )
( 69 176 326 ), ( 9 ), ( 135 ), ( 222 ), ( 73 137 ), ( 12 ), ( 66 158 ), ( 103 ), ( 69 71 79 ), ( 217 ), ( 71 446 ), ( 164 223 226 ), ( 2 129 157 ), ( 9 75 )
( 9 86 100 ), ( 9 ), ( 273 ), ( 10 ), ( 12 ), ( 226 ), ( 217 ), ( 221 273 ), ( 9 220 ), ( 9 210 ), ( 9 27 ), ( 75 415 ), ( 6 9 223 ), ( 9 114 ), ( 225 230 ), ( 217 225 ), ( 9 221 222 ), ( 2 9 12 103 ), ( 8 26 78 87 ), ( 9 ), ( 124 205 ), ( 212 230 ), ( 228 229 ), ( 9 124 ), ( 43 224 ), ( 222 224 276 321 ), ( 75 226 229 ), ( 27 100 187 ), ( 103 229 ), ( 9 43 ), ( 10 229 )
( 26 66 228 ), ( 66 ), ( 100 137 ), ( 135 ), ( 71 ), ( 73 135 ), ( 71 310 ), ( 44 ), ( 71 192 ), ( 69 71 157 ), ( 124 ), ( 2 43 ), ( 43 ), ( 27 71 ), ( 447 ), ( 71 76 86 137 ), ( 44 71 86 313 ), ( 79 129 )
( 71 75 ), ( 273 ), ( 3 ), ( 9 ), ( 2 179 ), ( 225 ), ( 52 180 ), ( 75 ), ( 26 53 ), ( 6 8 230 ), ( 27 ), ( 43 ), ( 43 ), ( 8 210 321 ), ( 41 102 ), ( 9 205 224 ), ( 46 ), ( 47 50 ), ( 52 53 ), ( 9 276 ), ( 3 41 47 160 ), ( 187 226 ), ( 53 55 162 ), ( 9 114 ), ( 53 98 ), ( 9 12 220 ), ( 50 53 )
( 9 27 ), ( 137 ), ( 68 ), ( 448 ), ( 2 88 142 255 ), ( 77 ), ( 269 ), ( 44 ), ( 156 206 255 ), ( 79 185 ), ( 88 93 271 ), ( 13 449 ), ( 44 88 )
( 71 137 313 ), ( 150 ), ( 40 ), ( 4 ), ( 40 ), ( 2 173 ), ( 40 178 ), ( 4 16 ), ( 59 ), ( 75 ), ( 124 ), ( 4 16 167 ), ( 27 45 ), ( 4 7 ), ( 40 42 62 75 ), ( 11 167 ), ( 40 54 ), ( 4 43 ), ( 59 75 ), ( 1 4 173 ), ( 40 51 )
( 4 11 17 20 44 101 103 337 ), ( 2 3 9 14 258 ), ( 205 242 ), ( 8 9 20 )
( 1 112 ), ( 20 ), ( 145 ), ( 32 ), ( 149 ), ( 23 ), ( 166 ), ( 23 38 ), ( 165 ), ( 64 ), ( 4 7 ), ( 27 28 ), ( 4 166 ), ( 5 30 63 ), ( 4 165 ), ( 20 28 134 ), ( 4 176 ), ( 28 )
( 4 19 100 ), ( 40 ), ( 145 ), ( 40 ), ( 2 173 ), ( 44 ), ( 17 150 ), ( 54 ), ( 4 145 ), ( 40 44 ), ( 4 166 ), ( 121 450 ), ( 13 182 ), ( 40 174 ), ( 16 176 ), ( 40 51 ), ( 1 166 167 ), ( 114 316 ), ( 4 19 177 )
( 54 56 ), ( 2 66 73 ), ( 53 ), ( 68 ), ( 31 ), ( 71 135 ), ( 102 ), ( 76 ), ( 38 146 ), ( 79 135 ), ( 20 162 ), ( 163 ), ( 5 20 87 160 )
( 86 194 329 ), ( 2 20 ), ( 39 ), ( 20 ), ( 44 ), ( 38 ), ( 54 ), ( 53 ), ( 13 ), ( 171 ), ( 51 ), ( 46 )
( 42 47 50 56 132 ), ( 100 ), ( 88 ), ( 107 )
( 43 44 72 75 88 254 ), ( 2 53 100 ), ( 88 ), ( 41 ), ( 225 ), ( 53 ), ( 88 91 ), ( 75 ), ( 136 184 ), ( 53 98 ), ( 97 255 293 298 ), ( 102 116 ), ( 52 97 293 294 ), ( 315 ), ( 99 136 293 298 ), ( 102 118 ), ( 13 212 255 ), ( 43 53 ), ( 88 90 93 116 ), ( 53 118 316 ), ( 293 300 301 ), ( 53 57 )
( 22 212 293 294 300 ), ( 22 ), ( 22 ), ( 185 ), ( 21 34 65 77 ), ( 2 66 120 ), ( 30 33 38 ), ( 13 ), ( 64 ), ( 77 120 310 311 ), ( 61 64 ), ( 43 ), ( 63 140 ), ( 71 79 185 313 ), ( 28 43 )
( 86 ), ( 73 ), ( 2 33 ), ( 137 155 ), ( 25 ), ( 71 ), ( 31 ), ( 141 185 ), ( 26 28 ), ( 68 71 135 ), ( 20 29 ), ( 44 71 ), ( 23 ), ( 71 76 ), ( 28 38 134 ), ( 79 129 )
( 25 31 32 35 ), ( 2 69 73 ), ( 107 ), ( 135 ), ( 41 ), ( 76 ), ( 118 ), ( 68 71 73 ), ( 53 ), ( 66 71 ), ( 46 ), ( 48 49 50 71 86 ), ( 46 ), ( 43 ), ( 36 118 160 ), ( 129 286 )
( 20 41 150 162 182 ), ( 9 ), ( 251 368 ), ( 2 210 ), ( 17 ), ( 9 273 ), ( 4 232 ), ( 27 ), ( 114 ), ( 227 451 ), ( 16 114 ), ( 220 226 ), ( 7 16 150 ), ( 9 114 ), ( 4 181 ), ( 212 223 351 ), ( 4 182 221 ), ( 217 230 ), ( 4 248 374 )
( 9 20 163 187 353 ), ( 37 )
( 13 100 205 254 255 ), ( 100 ), ( 4 ), ( 2 6 273 ), ( 145 ), ( 273 452 ), ( 145 177 ), ( 9 222 ), ( 13 ), ( 75 ), ( 181 ), ( 124 ), ( 167 173 ), ( 9 372 ), ( 4 166 ), ( 275 ), ( 201 )
( 26 236 ), ( 2 22 ), ( 107 ), ( 28 ), ( 41 ), ( 33 63 ), ( 44 ), ( 140 ), ( 44 47 ), ( 23 34 ), ( 46 ), ( 47 50 52 64 ), ( 41 53 258 )
( 30 ), ( 2 123 ), ( 9 ), ( 3 ), ( 10 ), ( 97 255 ), ( 9 ), ( 88 90 ), ( 27 ), ( 27 ), ( 164 223 ), ( 72 91 ), ( 100 187 ), ( 3 97 254 255 ), ( 12 210 ), ( 205 300 376 ), ( 9 75 ), ( 20 44 254 ), ( 9 114 ), ( 20 376 ), ( 6 43 222 ), ( 88 93 264 ), ( 212 224 ), ( 88 93 264 ), ( 124 225 ), ( 44 75 ), ( 217 276 ), ( 88 90 205 ), ( 220 228 )
( 91 300 ), ( 152 ), ( 2 89 152 ), ( 89 ), ( 268 ), ( 41 ), ( 95 ), ( 98 ), ( 53 95 ), ( 53 94 ), ( 118 ), ( 89 155 )
( 89 153 246 ), ( 37 ), ( 2 67 ), ( 13 42 ), ( 81 ), ( 37 40 ), ( 70 85 ), ( 124 ), ( 70 267 317 ), ( 40 174 ), ( 104 ), ( 51 ), ( 75 442 ), ( 44 59 60 ), ( 114 442 ), ( 54 59 60 121 ), ( 75 80 ), ( 40 51 ), ( 67 198 ), ( 40 44 221 ), ( 43 317 442 ), ( 40 45 54 ), ( 74 81 442 )
( 39 40 56 58 66 ), ( 2 37 ), ( 137 ), ( 39 175 ), ( 68 73 316 ), ( 39 40 ), ( 69 71 ), ( 124 ), ( 120 135 ), ( 144 ), ( 79 84 ), ( 40 45 59 )
( 125 ), ( 258 ), ( 1 ), ( 20 ), ( 145 ), ( 108 ), ( 1 182 ), ( 5 160 ), ( 173 ), ( 25 102 ), ( 4 142 ), ( 26 53 404 ), ( 19 ), ( 41 53 402 ), ( 4 166 ), ( 38 53 ), ( 4 16 150 182 ), ( 53 134 ), ( 4 16 165 ), ( 53 ), ( 4 7 ), ( 5 26 31 53 ), ( 4 11 17 )
( 31 53 453 ), ( 164 ), ( 366 ), ( 9 ), ( 2 316 ), ( 210 ), ( 4 196 ), ( 6 225 ), ( 150 197 )
( 124 ), ( 100 ), ( 20 ), ( 20 ), ( 208 ), ( 91 ), ( 101 ), ( 88 90 100 ), ( 75 ), ( 44 148 ), ( 105 ), ( 3 5 ), ( 109 ), ( 5 88 ), ( 114 117 ), ( 315 ), ( 112 205 337 ), ( 2 75 346 ), ( 101 133 )
( 88 454 ), ( 2 37 ), ( 53 ), ( 45 ), ( 53 395 ), ( 37 40 ), ( 41 ), ( 54 ), ( 75 ), ( 40 59 60 ), ( 107 118 ), ( 40 44 ), ( 27 53 ), ( 40 44 ), ( 53 109 )
( 40 132 150 ), ( 3 ), ( 182 ), ( 112 123 ), ( 2 44 ), ( 31 ), ( 4 100 ), ( 205 ), ( 248 251 ), ( 216 218 ), ( 4 248 ), ( 38 218 )
( 4 75 251 ), ( 2 47 50 ), ( 22 ), ( 107 ), ( 23 33 ), ( 36 38 )
( 22 35 ), ( 101 ), ( 120 ), ( 2 166 455 ), ( 71 126 ), ( 101 ), ( 71 81 ), ( 11 ), ( 127 128 ), ( 113 455 ), ( 123 396 ), ( 43 ), ( 71 323 ), ( 101 166 ), ( 71 81 122 ), ( 201 ), ( 127 129 ), ( 101 111 113 ), ( 213 ), ( 112 151 243 )
( 72 79 86 ), ( 3 ), ( 88 ), ( 20 25 ), ( 206 255 ), ( 25 97 ), ( 2 75 ), ( 5 44 255 ), ( 123 254 ), ( 88 ), ( 3 205 ), ( 5 88 148 ), ( 13 97 ), ( 20 88 ), ( 3 88 206 ), ( 88 205 )
( 28 88 205 ), ( 4 ), ( 134 ), ( 166 ), ( 26 28 ), ( 4 16 343 ), ( 28 31 ), ( 19 ), ( 24 29 324 ), ( 4 13 ), ( 22 28 63 ), ( 165 ), ( 24 ), ( 4 )
( 23 28 63 69 ), ( 25 ), ( 66 ), ( 38 ), ( 120 ), ( 2 44 ), ( 68 69 ), ( 23 61 ), ( 86 ), ( 28 238 ), ( 27 ), ( 27 ), ( 43 ), ( 25 75 ), ( 71 79 84 ), ( 43 ), ( 79 129 )
( 38 61 63 65 ), ( 66 ), ( 35 ), ( 22 ), ( 23 ), ( 77 137 279 ), ( 34 61 ), ( 71 72 ), ( 75 ), ( 27 ), ( 357 ), ( 2 43 ), ( 33 44 ), ( 71 84 ), ( 28 64 ), ( 44 71 73 ), ( 20 26 28 30 ), ( 79 125 ), ( 28 29 ), ( 79 129 286 )
( 456 ), ( 16 150 ), ( 4 ), ( 145 ), ( 251 368 ), ( 17 ), ( 2 136 366 ), ( 16 173 ), ( 4 136 ), ( 4 166 ), ( 104 ), ( 4 11 ), ( 176 ), ( 4 166 ), ( 19 249 ), ( 4 165 ), ( 16 248 249 250 )
( 19 177 182 ), ( 258 ), ( 9 ), ( 2 38 258 ), ( 222 ), ( 107 ), ( 225 ), ( 44 ), ( 9 273 ), ( 52 160 ), ( 124 ), ( 46 ), ( 8 10 26 47 49 50 230 ), ( 38 41 48 50 ), ( 6 9 27 ), ( 20 102 ), ( 228 ), ( 168 ), ( 114 164 276 ), ( 6 27 162 ), ( 212 217 229 ), ( 41 107 116 ), ( 226 229 )