1 -1 #SUP: 26
1 -1 166 -1 #SUP: 16
1 -1 166 -1 4 -1 #SUP: 14
1 -1 166 -1 4 -1 4 -1 #SUP: 13
2 -1 4 -1 4 -1 4 -1 4 -1 4 -1 #SUP: 13
3 -1 75 -1 #SUP: 12
1 -1 166 -1 165 -1 #SUP: 11
2 -1 4 -1 4 -1 165 -1 #SUP: 13
69 -1 73 -1 #SUP: 14
1 -1 167 -1 4 -1 #SUP: 11
1 -1 1 -1 #SUP: 11
4 -1 4 150 -1 4 -1 #SUP: 11
156 -1 #SUP: 12
1 -1 145 -1 #SUP: 13
1 -1 145 -1 4 -1 #SUP: 11
40 -1 54 -1 44 -1 40 -1 #SUP: 11
41 -1 118 -1 #SUP: 11
1 -1 4 -1 #SUP: 23
1 -1 4 -1 166 -1 #SUP: 13
121 -1 54 -1 #SUP: 15
1 -1 4 -1 166 -1 4 -1 #SUP: 11
11 -1 4 -1 #SUP: 16
40 -1 40 -1 44 -1 #SUP: 13
1 -1 4 -1 4 -1 #SUP: 20
1 -1 4 -1 4 -1 4 -1 #SUP: 16
2 -1 121 -1 #SUP: 18
1 -1 4 -1 4 -1 4 -1 4 -1 #SUP: 12
1 -1 4 -1 4 -1 165 -1 #SUP: 12
4 -1 4 -1 16 -1 4 -1 #SUP: 15
1 -1 4 -1 4 -1 165 -1 4 -1 #SUP: 11
39 -1 54 -1 #SUP: 15
75 -1 27 -1 #SUP: 14
1 -1 4 -1 16 -1 #SUP: 13
68 -1 135 -1 #SUP: 11
145 -1 150 -1 #SUP: 13
1 -1 4 -1 17 -1 #SUP: 12
2 -1 166 -1 4 -1 4 -1 #SUP: 14
4 -1 4 -1 4 -1 4 -1 13 -1 #SUP: 12
4 11 -1 #SUP: 11
1 -1 4 -1 165 -1 #SUP: 13
40 -1 40 -1 51 -1 #SUP: 13
74 -1 #SUP: 15
120 -1 71 -1 71 -1 #SUP: 18
1 -1 4 -1 165 -1 4 -1 #SUP: 12
1 -1 149 -1 4 -1 #SUP: 11
1 -1 7 -1 #SUP: 11
40 -1 42 -1 40 -1 #SUP: 14
45 -1 54 -1 #SUP: 12
166 -1 16 -1 4 -1 #SUP: 11
1 -1 150 -1 #SUP: 12
3 -1 43 -1 #SUP: 14
4 -1 4 -1 4 -1 176 -1 #SUP: 11
40 -1 144 -1 #SUP: 13
43 -1 9 -1 #SUP: 12
73 -1 2 -1 #SUP: 11
1 -1 150 -1 4 -1 #SUP: 11
2 -1 53 -1 44 -1 #SUP: 12
51 -1 40 -1 #SUP: 12
1 -1 11 -1 #SUP: 12
2 -1 224 -1 #SUP: 11
43 -1 71 -1 71 -1 #SUP: 13
1 -1 13 -1 #SUP: 12
2 -1 4 16 -1 4 -1 #SUP: 11
16 -1 1 -1 #SUP: 11
1 -1 16 -1 #SUP: 16
2 -1 16 -1 4 -1 4 -1 #SUP: 14
1 -1 16 -1 4 -1 #SUP: 14
2 -1 4 -1 4 -1 167 -1 4 -1 #SUP: 13
40 -1 44 -1 44 -1 #SUP: 11
1 -1 16 -1 4 -1 4 -1 #SUP: 11
3 -1 88 -1 #SUP: 11
66 -1 44 -1 71 -1 #SUP: 11
71 -1 22 -1 #SUP: 14
1 -1 17 -1 #SUP: 13
66 -1 185 -1 #SUP: 12
1 -1 19 -1 #SUP: 11
2 -1 4 -1 4 -1 4 -1 167 -1 #SUP: 11
2 -1 4 -1 4 -1 4 -1 13 -1 #SUP: 11
1 -1 165 -1 #SUP: 15
2 -1 40 -1 124 -1 #SUP: 14
1 -1 165 -1 4 -1 #SUP: 14
66 -1 79 -1 71 -1 #SUP: 16
1 -1 165 -1 4 -1 4 -1 #SUP: 13
3 -1 20 -1 #SUP: 13
43 -1 4 -1 #SUP: 17
71 -1 71 -1 86 -1 #SUP: 14
2 -1 #SUP: 180
2 -1 166 -1 #SUP: 22
2 -1 166 -1 13 -1 #SUP: 13
2 -1 4 -1 43 -1 #SUP: 14
2 -1 79 -1 71 -1 71 -1 71 -1 #SUP: 14
28 -1 27 -1 #SUP: 14
2 -1 166 -1 16 -1 #SUP: 11
2 -1 166 -1 4 -1 #SUP: 17
2 -1 13 -1 43 -1 #SUP: 17
2 -1 53 -1 #SUP: 34
2 -1 53 -1 53 -1 #SUP: 23
2 -1 53 -1 53 -1 53 -1 #SUP: 16
79 86 -1 #SUP: 13
2 -1 53 -1 53 -1 53 -1 53 -1 #SUP: 15
2 -1 37 -1 40 -1 #SUP: 16
17 -1 4 -1 #SUP: 16
2 -1 53 -1 53 -1 53 -1 53 -1 53 -1 #SUP: 14
2 -1 140 -1 #SUP: 15
120 -1 43 -1 #SUP: 14
121 -1 59 -1 #SUP: 16
2 -1 53 -1 53 -1 118 -1 #SUP: 11
4 -1 4 -1 4 -1 167 -1 4 -1 #SUP: 14
20 -1 20 -1 44 -1 #SUP: 11
40 -1 40 -1 40 -1 40 -1 40 -1 #SUP: 13
2 -1 53 -1 27 -1 #SUP: 11
150 -1 4 -1 4 -1 16 -1 #SUP: 11
2 -1 53 -1 118 -1 #SUP: 13
37 -1 40 -1 59 -1 #SUP: 14
2 -1 53 -1 41 -1 #SUP: 12
2 -1 53 -1 71 -1 #SUP: 11
166 -1 166 -1 #SUP: 12
2 -1 53 -1 43 -1 #SUP: 13
38 -1 28 -1 #SUP: 16
2 -1 53 -1 102 -1 #SUP: 15
16 -1 4 -1 4 -1 4 -1 #SUP: 17
2 -1 53 -1 46 -1 #SUP: 12
2 -1 42 -1 #SUP: 17
100 -1 4 -1 #SUP: 12
2 -1 167 -1 #SUP: 21
2 -1 167 -1 4 -1 #SUP: 18
2 -1 4 -1 167 -1 4 -1 4 -1 #SUP: 12
2 -1 42 -1 54 -1 #SUP: 11
2 -1 54 -1 #SUP: 27
2 -1 54 -1 40 -1 #SUP: 16
217 -1 #SUP: 16
2 -1 54 -1 40 -1 40 -1 #SUP: 11
2 -1 54 -1 44 -1 #SUP: 11
66 -1 44 -1 #SUP: 15
2 -1 54 -1 51 -1 #SUP: 13
2 -1 23 -1 28 -1 #SUP: 16
37 -1 40 -1 44 -1 #SUP: 13
224 -1 #SUP: 15
2 -1 55 -1 #SUP: 11
2 -1 114 -1 #SUP: 23
2 -1 1 -1 #SUP: 16
2 -1 1 -1 4 -1 #SUP: 13
2 -1 206 -1 88 -1 #SUP: 11
16 -1 4 -1 4 -1 11 -1 #SUP: 11
40 -1 54 -1 44 -1 #SUP: 13
68 -1 71 -1 79 -1 #SUP: 11
150 -1 13 -1 4 -1 #SUP: 14
2 -1 1 -1 4 -1 4 -1 #SUP: 11
22 -1 137 -1 71 -1 #SUP: 12
2 -1 59 -1 #SUP: 24
2 -1 59 -1 40 -1 #SUP: 14
2 -1 3 -1 #SUP: 18
4 -1 167 -1 4 -1 #SUP: 20
75 -1 75 -1 #SUP: 15
2 -1 174 -1 #SUP: 15
2 -1 174 -1 40 -1 #SUP: 13
28 -1 4 -1 #SUP: 13
2 -1 4 -1 #SUP: 41
2 -1 4 -1 166 -1 #SUP: 15
86 -1 20 -1 #SUP: 11
2 -1 4 -1 166 -1 4 -1 #SUP: 12
9 -1 43 -1 9 -1 #SUP: 11
145 -1 7 -1 #SUP: 12
2 -1 4 -1 167 -1 #SUP: 17
66 -1 2 -1 71 -1 #SUP: 15
2 -1 4 -1 167 -1 4 -1 #SUP: 16
25 -1 44 -1 #SUP: 14
2 -1 4 -1 1 -1 #SUP: 12
4 -1 16 -1 165 -1 #SUP: 13
2 -1 4 -1 145 -1 #SUP: 12
43 -1 40 -1 #SUP: 13
2 -1 4 -1 4 -1 #SUP: 29
2 -1 4 -1 4 -1 167 -1 #SUP: 14
2 -1 4 -1 4 -1 4 -1 #SUP: 24
2 -1 4 -1 4 -1 4 -1 4 -1 #SUP: 18
34 -1 #SUP: 18
2 -1 4 -1 4 -1 4 -1 165 -1 #SUP: 11
2 -1 4 150 -1 4 -1 #SUP: 12
16 -1 165 -1 4 -1 4 -1 #SUP: 11
27 -1 40 -1 #SUP: 11
2 -1 4 -1 4 -1 11 -1 #SUP: 11
135 -1 66 -1 #SUP: 11
2 -1 4 -1 4 -1 13 -1 #SUP: 14
2 -1 124 -1 59 -1 #SUP: 11
2 -1 4 -1 4 -1 16 -1 #SUP: 13
20 -1 26 -1 #SUP: 14
37 -1 121 -1 #SUP: 11
71 -1 81 -1 #SUP: 12
2 -1 4 -1 4 16 -1 #SUP: 11
4 19 -1 #SUP: 13
79 -1 71 -1 43 -1 #SUP: 11
165 -1 16 -1 #SUP: 11
2 -1 4 -1 4 -1 165 -1 4 -1 #SUP: 11
2 -1 71 -1 79 -1 71 -1 #SUP: 13
40 59 -1 40 -1 #SUP: 11
2 -1 4 -1 176 -1 #SUP: 12
2 -1 73 -1 71 -1 #SUP: 14
2 -1 4 -1 7 -1 #SUP: 14
42 -1 40 54 -1 #SUP: 13
2 -1 4 -1 150 -1 #SUP: 14
2 -1 4 -1 13 -1 4 -1 #SUP: 15
2 -1 4 -1 150 -1 4 -1 #SUP: 11
39 -1 44 -1 40 -1 #SUP: 14
40 -1 42 -1 #SUP: 15
2 -1 4 -1 11 -1 #SUP: 14
2 -1 4 -1 13 -1 #SUP: 19
2 -1 44 -1 53 -1 #SUP: 16
4 -1 145 -1 #SUP: 18
150 -1 13 -1 #SUP: 19
2 -1 4 -1 13 -1 13 -1 #SUP: 11
2 -1 4 -1 13 -1 4 -1 4 -1 #SUP: 11
73 -1 79 -1 71 -1 #SUP: 13
166 -1 7 -1 4 -1 #SUP: 11
2 -1 4 150 -1 #SUP: 16
2 -1 63 -1 #SUP: 12
4 -1 4 -1 43 -1 #SUP: 16
20 -1 101 -1 #SUP: 15
2 -1 4 -1 43 -1 4 -1 #SUP: 12
2 -1 4 -1 44 -1 #SUP: 13
19 -1 13 -1 #SUP: 11
42 -1 37 -1 #SUP: 13
165 -1 4 13 -1 #SUP: 12
2 -1 4 -1 16 -1 #SUP: 20
2 -1 4 -1 16 -1 4 -1 #SUP: 13
150 -1 4 -1 13 -1 4 -1 #SUP: 13
150 -1 150 -1 #SUP: 14
2 -1 4 -1 17 -1 #SUP: 12
2 20 -1 #SUP: 14
121 -1 13 -1 #SUP: 13
2 -1 4 -1 75 -1 #SUP: 11
71 -1 71 79 -1 71 -1 #SUP: 14
2 -1 4 -1 19 -1 #SUP: 12
2 -1 4 16 -1 #SUP: 13
145 -1 17 -1 #SUP: 11
2 -1 4 -1 165 -1 #SUP: 16
2 -1 4 -1 165 -1 4 -1 #SUP: 13
2 -1 43 -1 13 -1 #SUP: 14
2 -1 4 -1 165 -1 4 -1 4 -1 #SUP: 11
4 -1 176 -1 4 -1 #SUP: 11
2 -1 118 -1 #SUP: 15
2 -1 5 -1 #SUP: 18
2 -1 76 -1 #SUP: 18
40 -1 51 -1 #SUP: 18
2 -1 176 -1 #SUP: 13
53 -1 41 -1 53 -1 53 -1 #SUP: 11
2 -1 6 -1 #SUP: 11
4 7 -1 4 -1 #SUP: 11
10 -1 9 -1 9 -1 #SUP: 12
44 -1 53 -1 53 -1 #SUP: 13
2 -1 120 -1 #SUP: 22
2 -1 40 -1 44 -1 #SUP: 17
4 150 -1 #SUP: 21
2 -1 120 -1 71 -1 #SUP: 17
10 -1 9 -1 #SUP: 16
2 -1 120 -1 71 -1 71 -1 #SUP: 13
53 -1 27 -1 #SUP: 12
2 -1 120 -1 71 -1 71 -1 71 -1 #SUP: 11
2 -1 7 -1 #SUP: 17
2 -1 68 -1 79 -1 #SUP: 12
38 -1 27 -1 #SUP: 16
47 -1 53 -1 #SUP: 16
2 -1 7 -1 4 -1 #SUP: 12
22 -1 13 -1 #SUP: 13
208 -1 #SUP: 13
2 -1 7 -1 4 -1 4 -1 #SUP: 11
2 -1 64 -1 #SUP: 12
2 -1 71 79 -1 71 -1 #SUP: 14
13 -1 2 -1 #SUP: 12
2 -1 121 -1 54 -1 #SUP: 11
4 -1 44 -1 4 -1 4 -1 4 -1 #SUP: 11
105 -1 #SUP: 15
2 -1 121 -1 40 -1 #SUP: 16
2 -1 121 -1 40 -1 40 -1 #SUP: 15
44 -1 23 -1 #SUP: 12
2 -1 121 -1 13 -1 #SUP: 11
2 -1 44 -1 40 -1 40 -1 40 -1 #SUP: 11
145 -1 13 -1 4 -1 4 -1 #SUP: 12
2 -1 121 -1 59 -1 #SUP: 11
28 -1 24 -1 #SUP: 11
2 -1 9 -1 #SUP: 28
2 -1 9 -1 27 -1 #SUP: 11
2 -1 47 -1 #SUP: 15
4 -1 13 -1 4 -1 4 -1 #SUP: 15
150 -1 4 -1 167 -1 #SUP: 14
150 -1 165 -1 4 -1 4 -1 #SUP: 13
257 -1 #SUP: 11
2 -1 9 -1 205 -1 #SUP: 11
20 -1 71 -1 #SUP: 15
2 -1 9 -1 9 -1 #SUP: 21
2 -1 9 -1 9 -1 9 -1 #SUP: 13
2 -1 9 -1 43 -1 #SUP: 13
40 -1 174 -1 40 -1 #SUP: 15
2 -1 66 -1 #SUP: 17
4 -1 16 -1 4 -1 4 -1 #SUP: 16
52 -1 #SUP: 17
2 -1 66 -1 71 -1 #SUP: 14
2 -1 124 -1 #SUP: 26
2 -1 124 -1 40 -1 #SUP: 13
2 -1 13 -1 88 -1 #SUP: 12
2 -1 124 -1 44 -1 #SUP: 11
150 -1 166 -1 13 -1 #SUP: 12
2 -1 124 -1 75 -1 #SUP: 12
2 -1 11 -1 4 -1 #SUP: 12
37 -1 44 -1 40 -1 #SUP: 11
2 -1 11 -1 #SUP: 20
75 -1 44 -1 #SUP: 17
2 -1 68 -1 #SUP: 23
2 -1 68 -1 71 -1 #SUP: 18
2 -1 125 -1 #SUP: 11
4 -1 149 -1 #SUP: 12
2 -1 69 -1 #SUP: 20
66 -1 86 -1 #SUP: 15
2 -1 69 -1 71 -1 #SUP: 11
26 28 -1 #SUP: 12
150 -1 4 150 -1 #SUP: 11
2 -1 13 -1 #SUP: 55
2 -1 13 -1 54 -1 #SUP: 13
77 -1 71 -1 71 -1 #SUP: 15
2 -1 13 -1 59 -1 #SUP: 12
208 -1 101 -1 #SUP: 11
2 -1 13 -1 4 -1 #SUP: 19
2 -1 13 -1 4 -1 4 -1 #SUP: 14
2 -1 71 86 -1 #SUP: 12
2 -1 17 -1 4 -1 4 -1 #SUP: 11
2 -1 19 -1 #SUP: 15
2 -1 13 -1 40 -1 #SUP: 17
2 -1 13 -1 40 -1 40 -1 #SUP: 13
2 -1 13 -1 13 -1 #SUP: 17
2 -1 40 -1 75 -1 40 -1 #SUP: 13
61 -1 #SUP: 16
71 -1 86 -1 #SUP: 15
2 -1 13 -1 44 -1 #SUP: 18
66 -1 71 -1 71 -1 71 -1 #SUP: 19
71 86 -1 #SUP: 18
2 -1 13 -1 51 -1 #SUP: 11
4 150 -1 13 -1 #SUP: 15
97 -1 88 -1 #SUP: 13
2 -1 71 -1 #SUP: 52
2 -1 71 -1 27 -1 #SUP: 12
2 -1 71 -1 84 -1 #SUP: 12
2 -1 71 79 -1 #SUP: 17
2 -1 71 -1 86 -1 #SUP: 14
2 -1 71 -1 120 -1 #SUP: 14
2 -1 71 -1 69 -1 #SUP: 13
2 -1 71 -1 76 -1 #SUP: 11
4 176 -1 #SUP: 11
40 -1 38 -1 #SUP: 12
165 -1 44 -1 #SUP: 12
2 -1 71 -1 13 -1 #SUP: 11
26 -1 75 -1 #SUP: 12
2 -1 71 -1 71 -1 #SUP: 40
2 -1 71 -1 71 -1 86 -1 #SUP: 12
22 -1 79 -1 #SUP: 14
107 -1 44 -1 #SUP: 12
2 -1 71 -1 71 86 -1 #SUP: 11
44 -1 114 -1 #SUP: 12
2 -1 71 -1 71 -1 71 -1 #SUP: 33
2 -1 71 -1 71 -1 71 -1 71 -1 #SUP: 25
2 -1 71 -1 71 -1 71 -1 71 -1 71 -1 #SUP: 15
2 -1 52 -1 53 -1 #SUP: 11
40 -1 4 -1 #SUP: 11
2 -1 71 -1 71 -1 71 -1 79 -1 #SUP: 11
2 -1 71 -1 71 -1 43 -1 #SUP: 15
40 -1 54 -1 51 -1 #SUP: 13
2 -1 71 -1 71 -1 44 -1 #SUP: 13
2 -1 71 -1 71 -1 79 -1 #SUP: 14
2 -1 40 -1 124 -1 40 -1 #SUP: 11
145 -1 4 -1 11 -1 #SUP: 13
150 -1 4 -1 7 -1 #SUP: 11
2 -1 71 -1 43 -1 #SUP: 23
2 -1 71 -1 43 -1 71 -1 #SUP: 11
13 -1 167 -1 #SUP: 12
16 -1 7 -1 4 -1 4 -1 #SUP: 11
2 -1 71 -1 129 -1 #SUP: 13
2 -1 71 -1 44 -1 #SUP: 21
2 -1 71 -1 44 -1 71 -1 #SUP: 12
7 -1 165 -1 4 -1 #SUP: 11
2 -1 71 -1 44 71 -1 #SUP: 11
79 -1 120 -1 71 -1 #SUP: 12
2 -1 71 -1 77 -1 #SUP: 12
150 -1 43 -1 4 -1 #SUP: 11
2 -1 71 -1 22 -1 #SUP: 11
2 -1 71 -1 79 -1 #SUP: 20
2 -1 71 -1 137 -1 #SUP: 14
44 -1 44 -1 40 -1 #SUP: 11
145 -1 4 -1 165 -1 #SUP: 12
2 -1 185 -1 #SUP: 14
40 -1 40 -1 59 -1 #SUP: 15
2 -1 72 -1 #SUP: 19
26 -1 43 -1 #SUP: 17
2 -1 129 -1 #SUP: 15
2 -1 16 -1 #SUP: 28
2 -1 16 -1 4 -1 #SUP: 20
40 -1 124 -1 #SUP: 16
2 -1 16 -1 165 -1 #SUP: 12
71 -1 71 -1 79 -1 71 -1 #SUP: 12
101 -1 75 -1 #SUP: 11
2 -1 73 -1 #SUP: 17
145 -1 13 -1 #SUP: 16
2 -1 17 -1 #SUP: 17
2 -1 17 -1 4 -1 #SUP: 12
2 -1 75 -1 #SUP: 53
2 -1 75 -1 27 -1 #SUP: 12
7 -1 13 -1 #SUP: 14
2 -1 40 -1 75 -1 40 -1 40 -1 #SUP: 11
39 -1 59 -1 #SUP: 14
2 -1 75 -1 71 -1 #SUP: 11
2 -1 75 -1 43 -1 #SUP: 18
2 -1 75 -1 44 -1 #SUP: 15
2 -1 76 -1 71 -1 #SUP: 12
2 -1 20 -1 #SUP: 35
16 -1 #SUP: 37
2 -1 20 -1 44 -1 #SUP: 19
2 -1 40 -1 40 -1 40 -1 #SUP: 21
2 -1 41 -1 53 -1 #SUP: 20
4 -1 166 -1 4 -1 #SUP: 20
2 -1 20 -1 20 -1 #SUP: 11
37 -1 40 -1 13 -1 #SUP: 11
42 -1 13 -1 40 -1 #SUP: 11
2 -1 77 -1 #SUP: 20
2 -1 45 -1 #SUP: 17
2 -1 77 -1 71 -1 #SUP: 16
4 -1 4 -1 4 13 -1 #SUP: 12
2 -1 77 -1 71 -1 71 -1 #SUP: 14
44 71 -1 #SUP: 13
71 73 -1 #SUP: 12
2 -1 21 -1 #SUP: 12
27 -1 4 -1 4 -1 4 -1 #SUP: 11
150 -1 150 -1 4 -1 #SUP: 12
2 -1 78 -1 #SUP: 13
40 -1 39 -1 #SUP: 14
76 -1 71 -1 #SUP: 15
2 -1 78 -1 78 -1 #SUP: 11
2 -1 45 -1 40 -1 40 -1 #SUP: 13
120 -1 71 -1 71 -1 71 -1 #SUP: 14
150 -1 4 -1 165 -1 4 -1 #SUP: 12
2 -1 135 -1 #SUP: 17
2 -1 135 -1 71 -1 #SUP: 13
4 -1 166 -1 16 -1 #SUP: 14
53 -1 41 -1 53 -1 #SUP: 12
2 -1 135 -1 71 -1 71 -1 #SUP: 12
40 -1 44 -1 59 -1 #SUP: 12
72 -1 43 -1 #SUP: 11
2 -1 135 -1 79 -1 #SUP: 11
2 -1 165 -1 4 -1 #SUP: 16
2 -1 22 -1 #SUP: 38
2 -1 22 -1 28 -1 #SUP: 14
145 -1 1 -1 4 -1 #SUP: 12
2 -1 22 -1 28 -1 28 -1 #SUP: 13
66 -1 2 -1 71 -1 71 -1 #SUP: 12
2 -1 22 -1 71 -1 #SUP: 18
28 -1 20 -1 #SUP: 14
2 -1 22 -1 71 -1 71 -1 #SUP: 16
4 -1 4 -1 165 -1 13 -1 #SUP: 11
28 -1 43 -1 #SUP: 11
66 -1 75 -1 #SUP: 11
2 -1 22 -1 71 -1 71 -1 71 -1 #SUP: 15
125 -1 #SUP: 12
2 -1 22 -1 71 -1 71 -1 71 -1 71 -1 #SUP: 11
2 -1 22 -1 44 -1 #SUP: 12
135 -1 120 -1 #SUP: 11
2 -1 79 -1 #SUP: 36
2 -1 79 -1 71 -1 #SUP: 25
2 -1 79 -1 71 -1 71 -1 #SUP: 18
12 -1 #SUP: 13
44 -1 79 -1 #SUP: 13
71 -1 79 -1 71 -1 #SUP: 18
2 -1 79 -1 43 -1 #SUP: 14
20 -1 88 -1 #SUP: 13
2 -1 79 -1 44 -1 #SUP: 11
2 -1 23 -1 #SUP: 23
121 -1 #SUP: 24
2 -1 137 -1 #SUP: 26
2 -1 137 -1 71 -1 #SUP: 21
2 -1 137 -1 71 -1 71 -1 #SUP: 15
66 -1 135 -1 71 -1 #SUP: 13
2 -1 137 -1 44 -1 #SUP: 11
70 -1 #SUP: 12
2 -1 137 -1 79 -1 #SUP: 12
2 -1 43 -1 43 -1 #SUP: 12
16 -1 13 -1 #SUP: 18
40 -1 40 54 -1 #SUP: 16
273 -1 #SUP: 12
2 -1 24 -1 #SUP: 12
2 -1 24 -1 28 -1 #SUP: 11
2 -1 81 -1 #SUP: 14
22 -1 120 -1 71 -1 #SUP: 14
88 -1 13 -1 88 -1 #SUP: 12
2 -1 25 -1 #SUP: 14
2 -1 86 -1 71 -1 #SUP: 11
2 -1 26 -1 #SUP: 29
2 -1 26 -1 27 -1 #SUP: 11
2 -1 26 -1 28 -1 #SUP: 11
2 20 -1 44 -1 #SUP: 11
79 -1 22 -1 71 -1 #SUP: 11
2 -1 27 -1 #SUP: 51
2 -1 27 -1 43 -1 #SUP: 17
2 -1 84 -1 #SUP: 15
2 -1 255 -1 #SUP: 17
2 -1 255 -1 88 -1 #SUP: 13
2 -1 40 -1 75 -1 #SUP: 15
9 -1 6 -1 #SUP: 16
2 -1 28 -1 #SUP: 38
2 -1 28 -1 28 -1 #SUP: 27
2 -1 28 -1 28 -1 28 -1 #SUP: 17
66 -1 120 -1 71 -1 #SUP: 13
66 -1 69 -1 71 -1 #SUP: 12
137 -1 137 -1 #SUP: 11
2 -1 28 -1 44 -1 #SUP: 13
2 22 -1 #SUP: 11
77 -1 44 -1 #SUP: 11
2 -1 29 -1 #SUP: 24
2 -1 29 -1 28 -1 #SUP: 19
3 -1 44 -1 #SUP: 19
71 -1 2 -1 #SUP: 21
2 -1 29 -1 28 -1 28 -1 #SUP: 14
2 -1 40 -1 40 -1 40 -1 40 -1 #SUP: 12
20 -1 101 -1 101 -1 #SUP: 14
32 -1 #SUP: 15
73 -1 71 -1 79 -1 #SUP: 13
150 -1 1 -1 #SUP: 14
2 -1 29 -1 44 -1 #SUP: 11
22 -1 33 -1 #SUP: 11
2 -1 86 -1 #SUP: 21
2 -1 30 -1 #SUP: 12
40 -1 45 -1 40 -1 40 -1 #SUP: 11
2 -1 40 -1 144 -1 #SUP: 11
4 -1 17 -1 4 -1 #SUP: 12
2 -1 88 -1 #SUP: 26
2 -1 88 -1 88 -1 #SUP: 19
2 -1 88 -1 97 -1 #SUP: 13
2 -1 40 -1 43 -1 #SUP: 12
4 -1 150 -1 4 -1 4 -1 4 -1 #SUP: 12
4 16 -1 4 -1 4 -1 #SUP: 12
2 -1 145 -1 #SUP: 17
2 -1 145 -1 166 -1 #SUP: 11
2 -1 145 -1 4 -1 #SUP: 14
185 -1 71 -1 #SUP: 14
2 -1 33 -1 #SUP: 16
2 -1 34 -1 #SUP: 13
2 -1 91 -1 #SUP: 13
3 -1 44 -1 205 -1 #SUP: 11
76 -1 79 -1 #SUP: 11
2 -1 205 -1 #SUP: 33
2 -1 205 -1 9 -1 #SUP: 11
2 -1 149 -1 #SUP: 14
2 -1 149 -1 4 -1 #SUP: 12
4 -1 4 -1 167 -1 4 -1 4 -1 #SUP: 12
2 -1 150 -1 #SUP: 23
2 -1 150 -1 13 -1 #SUP: 11
71 -1 73 -1 #SUP: 11
2 -1 150 -1 16 -1 #SUP: 12
71 -1 71 137 -1 #SUP: 11
2 -1 150 -1 4 -1 #SUP: 17
2 -1 150 -1 4 -1 4 -1 #SUP: 13
45 -1 40 -1 40 -1 #SUP: 15
69 -1 135 -1 71 -1 71 -1 #SUP: 12
88 -1 206 -1 88 -1 #SUP: 11
2 -1 150 -1 4 -1 4 -1 4 -1 #SUP: 12
71 -1 71 -1 44 -1 #SUP: 15
2 -1 37 -1 #SUP: 20
2 -1 37 -1 54 -1 #SUP: 11
2 -1 43 -1 4 -1 #SUP: 13
100 -1 75 -1 #SUP: 11
2 -1 37 -1 40 -1 40 -1 #SUP: 12
16 -1 167 -1 4 -1 #SUP: 15
2 -1 38 -1 #SUP: 35
2 -1 38 -1 53 -1 #SUP: 14
6 -1 9 -1 #SUP: 13
44 -1 16 -1 #SUP: 14
2 -1 38 -1 28 -1 #SUP: 11
71 -1 79 -1 71 -1 71 -1 #SUP: 13
2 -1 38 -1 44 -1 #SUP: 11
2 -1 39 -1 #SUP: 18
37 -1 54 -1 #SUP: 18
42 -1 44 -1 #SUP: 18
2 -1 39 -1 40 -1 #SUP: 15
2 -1 102 -1 53 -1 53 -1 #SUP: 12
2 -1 39 -1 40 -1 40 -1 #SUP: 14
2 -1 40 -1 40 -1 51 -1 #SUP: 11
4 -1 4 166 -1 4 -1 #SUP: 11
4 -1 4 -1 4 -1 11 -1 #SUP: 12
2 -1 39 -1 13 -1 #SUP: 13
2 -1 39 -1 44 -1 #SUP: 12
2 -1 44 -1 79 -1 #SUP: 11
13 -1 59 -1 #SUP: 13
2 -1 210 -1 #SUP: 11
2 -1 50 -1 53 -1 #SUP: 12
66 -1 77 -1 #SUP: 13
120 -1 79 -1 #SUP: 11
2 -1 40 -1 #SUP: 38
2 -1 40 -1 54 -1 #SUP: 21
2 -1 40 -1 54 -1 40 -1 #SUP: 12
88 -1 91 -1 #SUP: 16
2 -1 40 -1 59 -1 #SUP: 18
2 -1 40 -1 174 -1 #SUP: 12
30 -1 28 -1 #SUP: 12
69 -1 71 79 -1 #SUP: 11
2 -1 40 54 -1 #SUP: 14
166 -1 4 -1 4 -1 4 -1 #SUP: 15
2 -1 40 -1 121 -1 #SUP: 11
4 -1 145 -1 166 -1 #SUP: 12
2 -1 40 59 -1 #SUP: 11
2 -1 40 -1 40 -1 #SUP: 31
2 -1 40 -1 40 -1 54 -1 #SUP: 12
66 71 -1 71 -1 #SUP: 11
2 -1 40 -1 40 -1 59 -1 #SUP: 12
2 -1 40 -1 40 54 -1 #SUP: 13
2 -1 40 -1 13 -1 #SUP: 14
28 -1 4 -1 4 -1 #SUP: 12
40 54 -1 40 -1 #SUP: 11
166 -1 11 -1 #SUP: 12
2 -1 40 -1 44 -1 40 -1 #SUP: 13
2 -1 40 44 -1 #SUP: 11
2 -1 40 -1 51 -1 #SUP: 15
150 -1 4 -1 16 -1 #SUP: 15
2 -1 97 -1 #SUP: 17
9 -1 2 -1 9 -1 #SUP: 14
71 -1 137 -1 #SUP: 17
2 -1 41 -1 #SUP: 27
2 -1 41 -1 53 -1 53 -1 #SUP: 14
4 7 -1 #SUP: 16
2 -1 212 -1 #SUP: 15
2 -1 42 -1 40 -1 #SUP: 16
2 -1 42 -1 40 -1 40 -1 #SUP: 14
4 -1 44 -1 4 -1 4 -1 #SUP: 12
2 -1 43 -1 #SUP: 62
2 -1 43 -1 9 -1 #SUP: 11
22 -1 38 -1 #SUP: 12
47 -1 53 -1 53 -1 #SUP: 13
2 -1 43 -1 71 -1 #SUP: 16
2 -1 43 -1 71 -1 71 -1 #SUP: 12
4 -1 4 16 -1 4 -1 #SUP: 11
71 -1 53 -1 #SUP: 12
2 -1 43 -1 44 -1 #SUP: 12
73 -1 71 -1 71 -1 71 -1 71 -1 #SUP: 13
145 -1 165 -1 4 -1 4 -1 #SUP: 11
165 -1 165 -1 #SUP: 12
2 -1 43 -1 75 -1 #SUP: 16
2 -1 100 -1 #SUP: 11
4 -1 4 -1 7 -1 #SUP: 14
4 -1 13 -1 13 -1 #SUP: 15
27 -1 44 -1 #SUP: 14
2 -1 44 -1 #SUP: 85
2 -1 44 -1 54 -1 #SUP: 11
71 -1 124 -1 #SUP: 13
2 -1 44 -1 26 -1 #SUP: 14
4 -1 4 -1 4 -1 17 -1 #SUP: 11
64 -1 #SUP: 13
2 -1 44 -1 27 -1 #SUP: 19
20 -1 13 -1 #SUP: 16
52 -1 53 -1 #SUP: 15
2 -1 44 -1 28 -1 #SUP: 18
2 -1 44 -1 28 -1 28 -1 #SUP: 13
71 -1 71 -1 43 -1 71 -1 #SUP: 11
2 -1 44 -1 59 -1 #SUP: 14
2 -1 44 -1 88 -1 #SUP: 16
2 -1 44 -1 40 -1 40 -1 #SUP: 15
2 -1 44 -1 4 -1 #SUP: 12
20 -1 2 -1 44 -1 #SUP: 11
40 -1 27 -1 #SUP: 11
2 -1 44 -1 205 -1 #SUP: 14
42 -1 44 -1 40 -1 #SUP: 14
2 -1 44 -1 38 -1 #SUP: 13
71 -1 102 -1 #SUP: 12
145 -1 11 -1 #SUP: 14
2 -1 44 -1 40 -1 #SUP: 19
2 -1 44 -1 13 -1 #SUP: 26
2 -1 44 -1 71 -1 #SUP: 19
2 -1 44 -1 71 -1 71 -1 #SUP: 12
2 -1 44 -1 43 -1 #SUP: 23
2 -1 44 -1 44 -1 #SUP: 28
2 -1 44 -1 75 -1 #SUP: 16
2 -1 44 -1 51 -1 #SUP: 13
53 -1 38 -1 #SUP: 14
206 -1 88 -1 #SUP: 14
2 -1 101 -1 #SUP: 20
2 -1 101 -1 101 -1 #SUP: 16
88 -1 44 -1 88 -1 #SUP: 15
2 -1 101 -1 101 -1 101 -1 #SUP: 12
2 -1 45 -1 40 -1 #SUP: 14
16 -1 43 -1 #SUP: 15
42 -1 40 -1 59 -1 #SUP: 12
2 -1 102 -1 #SUP: 18
2 -1 46 -1 #SUP: 14
2 -1 103 -1 #SUP: 11
73 -1 69 71 -1 #SUP: 11
165 -1 4 -1 4 13 -1 #SUP: 11
2 -1 217 -1 #SUP: 12
42 -1 40 -1 40 -1 40 -1 #SUP: 14
46 -1 50 -1 #SUP: 11
2 -1 105 -1 #SUP: 12
2 -1 162 -1 #SUP: 11
4 -1 166 -1 165 -1 4 -1 #SUP: 11
4 -1 11 -1 4 -1 4 -1 #SUP: 12
135 -1 137 -1 71 -1 #SUP: 13
2 -1 163 -1 #SUP: 11
2 -1 50 -1 #SUP: 15
2 -1 107 -1 #SUP: 18
2 -1 107 -1 53 -1 #SUP: 14
2 -1 221 -1 #SUP: 14
2 -1 51 -1 #SUP: 20
2 -1 51 -1 40 -1 #SUP: 11
4 -1 166 -1 4 -1 13 -1 #SUP: 11
71 -1 66 -1 #SUP: 12
2 -1 165 -1 #SUP: 20
20 -1 28 -1 #SUP: 21
44 -1 59 -1 #SUP: 18
2 -1 165 -1 13 -1 #SUP: 13
59 -1 44 -1 #SUP: 11
2 -1 165 -1 13 -1 4 -1 #SUP: 11
4 -1 28 -1 #SUP: 11
44 -1 4 -1 13 -1 #SUP: 11
111 -1 #SUP: 12
2 -1 165 -1 4 -1 4 -1 #SUP: 14
71 -1 69 -1 #SUP: 15
2 -1 165 -1 4 -1 4 -1 4 -1 #SUP: 11
4 -1 7 -1 4 -1 4 -1 #SUP: 11
44 -1 22 -1 #SUP: 11
69 -1 2 -1 71 -1 #SUP: 11
86 -1 71 -1 71 -1 #SUP: 11
145 -1 4 -1 16 -1 #SUP: 13
2 -1 52 -1 #SUP: 14
4 -1 150 -1 4 -1 4 -1 #SUP: 13
165 -1 7 -1 #SUP: 13
3 -1 #SUP: 33
3 -1 2 -1 #SUP: 12
225 -1 #SUP: 12
3 -1 205 -1 #SUP: 21
3 -1 13 -1 #SUP: 11
4 -1 43 -1 165 -1 #SUP: 11
135 -1 84 -1 #SUP: 11
4 -1 #SUP: 65
4 -1 166 -1 #SUP: 24
4 -1 166 -1 13 -1 #SUP: 14
4 -1 166 -1 4 -1 4 -1 #SUP: 17
4 -1 166 -1 4 -1 4 -1 4 -1 #SUP: 13
40 -1 174 -1 51 -1 #SUP: 11
71 -1 71 86 -1 #SUP: 12
4 -1 166 -1 165 -1 #SUP: 14
4 -1 167 -1 #SUP: 22
4 -1 167 -1 4 -1 4 -1 #SUP: 14
4 150 -1 165 -1 4 -1 #SUP: 11
4 -1 27 -1 #SUP: 19
4 -1 1 -1 #SUP: 15
45 -1 59 -1 #SUP: 14
150 -1 16 -1 4 -1 4 -1 #SUP: 12
4 -1 1 -1 4 -1 #SUP: 12
135 -1 44 -1 #SUP: 12
4 -1 1 -1 4 -1 4 -1 #SUP: 11
4 -1 2 -1 #SUP: 28
4 -1 2 -1 4 -1 #SUP: 12
28 -1 29 -1 #SUP: 12
75 -1 114 -1 #SUP: 11
4 -1 2 -1 16 -1 #SUP: 11
4 166 -1 #SUP: 15
4 166 -1 4 -1 #SUP: 12
78 -1 78 -1 #SUP: 14
135 -1 137 -1 #SUP: 15
4 -1 145 -1 16 -1 #SUP: 11
53 -1 53 -1 53 -1 53 -1 53 -1 53 -1 #SUP: 12
107 -1 53 -1 53 -1 #SUP: 11
166 -1 165 -1 4 -1 4 -1 #SUP: 11
4 -1 145 -1 4 -1 #SUP: 15
4 -1 4 -1 #SUP: 42
4 -1 4 -1 166 -1 #SUP: 13
88 -1 88 -1 88 -1 #SUP: 13
4 -1 4 -1 167 -1 #SUP: 17
40 44 -1 #SUP: 13
73 -1 135 -1 #SUP: 12
4 -1 4 -1 167 -1 4 -1 #SUP: 15
4 -1 165 -1 4 -1 4 -1 #SUP: 15
11 -1 4 -1 4 -1 #SUP: 14
69 -1 137 -1 #SUP: 13
4 -1 4 -1 1 -1 #SUP: 12
4 -1 4 166 -1 #SUP: 13
4 -1 4 -1 4 -1 #SUP: 33
4 -1 4 -1 4 -1 167 -1 #SUP: 15
150 -1 167 -1 4 -1 #SUP: 15
4 -1 4 -1 4 -1 4 -1 #SUP: 30
4 -1 4 -1 4 -1 4 -1 167 -1 #SUP: 11
40 -1 44 -1 13 -1 #SUP: 12
4 -1 4 -1 4 -1 4 -1 4 -1 #SUP: 18
4 -1 4 -1 4 -1 4 -1 4 -1 4 -1 #SUP: 15
4 -1 4 -1 4 -1 4 -1 165 -1 #SUP: 12
4 -1 4 -1 4 -1 7 -1 #SUP: 11
13 -1 54 -1 #SUP: 15
28 -1 44 -1 28 -1 #SUP: 13
150 -1 11 -1 4 -1 #SUP: 11
4 -1 4 -1 4 -1 13 -1 #SUP: 16
17 -1 4 -1 4 -1 #SUP: 14
26 -1 53 -1 #SUP: 15
4 -1 4 -1 4 7 -1 #SUP: 11
4 -1 4 -1 4 150 -1 #SUP: 11
22 -1 137 -1 #SUP: 13
4 -1 4 -1 4 -1 16 -1 #SUP: 12
39 -1 51 -1 #SUP: 12
71 -1 71 -1 71 -1 43 -1 #SUP: 12
71 -1 43 -1 71 -1 71 -1 #SUP: 11
4 -1 4 -1 4 16 -1 #SUP: 11
27 -1 4 -1 4 -1 #SUP: 12
71 -1 71 -1 71 -1 79 -1 #SUP: 14
4 -1 4 -1 4 -1 165 -1 #SUP: 16
66 -1 71 79 -1 #SUP: 14
4 -1 4 -1 4 -1 165 -1 4 -1 #SUP: 13
4 -1 4 -1 176 -1 #SUP: 14
4 -1 4 -1 150 -1 #SUP: 12
40 -1 40 -1 75 -1 #SUP: 12
165 -1 13 -1 4 -1 #SUP: 13
4 -1 4 -1 11 -1 #SUP: 14
4 -1 4 -1 13 -1 #SUP: 20
4 -1 4 -1 13 -1 4 -1 #SUP: 15
4 -1 4 7 -1 #SUP: 12
9 -1 26 -1 #SUP: 11
9 -1 9 -1 205 -1 #SUP: 11
26 -1 2 -1 #SUP: 13
145 -1 165 -1 4 -1 #SUP: 12
4 -1 4 150 -1 #SUP: 13
21 -1 28 -1 #SUP: 11
44 -1 26 -1 #SUP: 16
4 -1 4 -1 43 -1 4 -1 #SUP: 13
4 -1 4 17 -1 #SUP: 12
4 -1 4 -1 44 -1 #SUP: 13
40 -1 121 -1 40 -1 40 -1 #SUP: 12
66 -1 137 -1 71 -1 #SUP: 12
4 -1 4 -1 44 -1 4 -1 #SUP: 12
22 -1 22 -1 71 -1 #SUP: 12
44 -1 20 -1 #SUP: 11
166 -1 150 -1 #SUP: 12
4 -1 4 -1 16 -1 #SUP: 21
4 -1 4 -1 16 -1 4 -1 4 -1 #SUP: 12
4 -1 4 -1 17 -1 #SUP: 14
16 -1 7 -1 4 -1 #SUP: 14
4 -1 4 -1 75 -1 #SUP: 13
9 -1 10 -1 9 -1 #SUP: 12
42 -1 40 -1 54 -1 #SUP: 12
42 -1 44 -1 40 -1 40 -1 #SUP: 11
4 -1 4 -1 19 -1 #SUP: 14
91 -1 88 -1 #SUP: 14
4 -1 4 13 -1 #SUP: 13
4 -1 4 16 -1 #SUP: 14
4 -1 4 -1 165 -1 #SUP: 21
13 -1 44 -1 #SUP: 25
4 -1 4 -1 165 -1 4 -1 #SUP: 17
4 -1 4 -1 165 -1 4 -1 4 -1 #SUP: 12
40 -1 2 -1 40 -1 #SUP: 11
42 -1 75 -1 #SUP: 11
121 -1 44 -1 #SUP: 12
4 -1 176 -1 #SUP: 16
4 -1 7 -1 #SUP: 19
79 -1 43 -1 #SUP: 19
4 -1 7 -1 4 -1 #SUP: 12
37 -1 40 -1 40 -1 40 -1 #SUP: 13
44 -1 4 -1 4 -1 4 -1 #SUP: 14
52 -1 53 -1 53 -1 #SUP: 12
66 -1 84 -1 #SUP: 12
4 -1 150 -1 #SUP: 21
4 -1 150 -1 13 -1 #SUP: 11
13 -1 13 -1 4 -1 #SUP: 11
16 -1 43 -1 4 -1 #SUP: 12
4 -1 150 -1 4 -1 #SUP: 17
4 145 -1 #SUP: 12
135 -1 2 -1 #SUP: 14
4 -1 11 -1 #SUP: 19
4 -1 11 -1 4 -1 #SUP: 13
39 -1 13 -1 #SUP: 17
150 -1 2 -1 4 -1 4 -1 4 -1 #SUP: 12
165 -1 4 -1 4 -1 4 -1 4 -1 #SUP: 13
4 -1 40 -1 #SUP: 11
22 -1 86 -1 #SUP: 11
4 -1 13 -1 #SUP: 29
4 -1 13 -1 4 -1 #SUP: 20
4 150 -1 16 -1 #SUP: 13
11 -1 166 -1 #SUP: 11
4 150 -1 4 -1 #SUP: 16
22 -1 44 -1 #SUP: 22
4 150 -1 4 -1 4 -1 #SUP: 13
11 -1 43 -1 #SUP: 14
66 -1 68 -1 71 -1 #SUP: 13
4 150 -1 4 -1 4 -1 4 -1 #SUP: 12
44 -1 44 -1 13 -1 #SUP: 11
45 -1 44 -1 #SUP: 11
54 -1 59 -1 40 -1 #SUP: 11
4 150 -1 4 -1 13 -1 #SUP: 12
44 -1 174 -1 #SUP: 11
4 150 -1 165 -1 #SUP: 12
16 -1 166 -1 4 -1 #SUP: 13
29 -1 22 -1 #SUP: 11
166 -1 4 -1 13 -1 #SUP: 13
4 -1 43 -1 #SUP: 22
4 -1 43 -1 13 -1 #SUP: 11
36 -1 #SUP: 13
150 -1 167 -1 4 -1 4 -1 #SUP: 11
4 -1 43 -1 4 -1 #SUP: 16
71 -1 135 -1 #SUP: 12
4 -1 44 -1 #SUP: 21
4 -1 44 -1 4 -1 #SUP: 14
9 -1 226 -1 #SUP: 12
30 -1 2 -1 #SUP: 12
69 -1 135 -1 71 -1 #SUP: 13
4 -1 44 -1 16 -1 #SUP: 11
4 -1 16 -1 #SUP: 29
4 -1 16 -1 167 -1 #SUP: 11
4 -1 16 -1 4 -1 #SUP: 20
4 -1 16 -1 4 -1 4 -1 4 -1 #SUP: 11
135 -1 73 -1 #SUP: 13
4 -1 17 -1 #SUP: 18
4 -1 75 -1 #SUP: 19
4 -1 19 -1 #SUP: 18
4 -1 19 -1 4 -1 #SUP: 11
30 -1 43 -1 #SUP: 11
73 -1 71 -1 71 -1 71 -1 #SUP: 14
150 -1 4 -1 165 -1 #SUP: 14
4 16 -1 #SUP: 18
4 16 -1 4 -1 #SUP: 14
135 -1 79 -1 71 -1 #SUP: 15
4 16 -1 165 -1 #SUP: 11
4 -1 165 -1 #SUP: 26
4 -1 165 -1 13 -1 #SUP: 13
132 -1 2 -1 #SUP: 12
150 -1 165 -1 13 -1 #SUP: 13
4 -1 165 -1 4 -1 #SUP: 21
4 -1 165 -1 4 -1 4 -1 4 -1 #SUP: 11
27 -1 53 -1 #SUP: 11
4 17 -1 #SUP: 15
75 -1 205 -1 #SUP: 12
5 -1 #SUP: 24
6 -1 #SUP: 17
6 -1 9 -1 9 -1 #SUP: 12
13 -1 51 -1 #SUP: 12
7 -1 #SUP: 26
7 -1 167 -1 4 -1 #SUP: 11
41 -1 44 -1 #SUP: 12
7 -1 4 -1 #SUP: 21
7 -1 4 -1 4 -1 #SUP: 18
7 -1 4 -1 4 -1 4 -1 #SUP: 16
7 -1 4 -1 4 -1 4 -1 4 -1 #SUP: 11
22 -1 27 -1 #SUP: 14
145 -1 4 150 -1 #SUP: 11
7 -1 7 -1 #SUP: 12
7 -1 43 -1 #SUP: 13
9 -1 #SUP: 38
9 -1 223 -1 #SUP: 11
9 -1 27 -1 #SUP: 16
221 -1 #SUP: 17
9 -1 2 -1 #SUP: 21
44 -1 71 -1 #SUP: 23
9 -1 2 -1 27 -1 #SUP: 12
20 -1 53 -1 #SUP: 14
42 -1 51 -1 #SUP: 13
71 -1 13 -1 #SUP: 16
9 -1 2 -1 205 -1 #SUP: 11
145 -1 19 -1 #SUP: 11
9 -1 205 -1 #SUP: 17
9 -1 6 -1 9 -1 #SUP: 12
9 -1 9 -1 #SUP: 27
9 -1 9 -1 27 -1 #SUP: 11
9 -1 9 -1 9 -1 #SUP: 18
9 -1 9 -1 43 -1 #SUP: 13
16 -1 166 -1 #SUP: 16
53 -1 44 -1 #SUP: 18
71 -1 27 -1 #SUP: 17
150 -1 167 -1 #SUP: 16
9 -1 10 -1 #SUP: 13
167 -1 4 -1 4 -1 #SUP: 15
9 -1 210 -1 #SUP: 13
9 -1 12 -1 #SUP: 12
9 -1 43 -1 #SUP: 17
9 -1 44 -1 #SUP: 14
9 -1 75 -1 #SUP: 14
10 -1 #SUP: 17
47 50 -1 #SUP: 15
10 -1 205 -1 #SUP: 11
13 -1 75 -1 #SUP: 14
43 -1 44 -1 #SUP: 15
11 -1 #SUP: 29
11 -1 13 -1 #SUP: 12
40 -1 40 -1 40 -1 54 -1 #SUP: 11
11 -1 16 -1 #SUP: 11
11 -1 75 -1 #SUP: 11
12 -1 9 -1 #SUP: 11
13 -1 #SUP: 66
13 -1 167 -1 4 -1 #SUP: 11
22 -1 24 -1 #SUP: 12
28 -1 23 -1 28 -1 #SUP: 12
174 -1 44 -1 #SUP: 12
13 -1 114 -1 #SUP: 11
40 -1 54 -1 59 -1 #SUP: 12
145 -1 4 -1 165 -1 4 -1 #SUP: 11
13 -1 88 -1 #SUP: 15
53 -1 53 -1 118 -1 #SUP: 14
13 -1 4 -1 #SUP: 22
13 -1 4 -1 4 -1 #SUP: 17
40 -1 121 -1 #SUP: 16
13 -1 40 -1 #SUP: 20
66 -1 135 -1 #SUP: 15
13 -1 40 -1 40 -1 #SUP: 15
150 -1 4 -1 4 -1 4 -1 4 -1 #SUP: 14
13 -1 40 -1 40 -1 40 -1 #SUP: 11
13 -1 13 -1 #SUP: 22
13 -1 43 -1 #SUP: 21
13 -1 44 -1 40 -1 #SUP: 11
13 -1 16 -1 #SUP: 11
15 -1 #SUP: 14
16 -1 166 -1 13 -1 #SUP: 11
16 -1 167 -1 #SUP: 17
20 -1 88 -1 88 -1 #SUP: 12
16 -1 27 -1 #SUP: 12
16 -1 4 -1 #SUP: 31
16 -1 4 -1 4 -1 #SUP: 24
16 -1 4 -1 4 -1 4 -1 4 -1 #SUP: 13
16 -1 4 -1 7 -1 #SUP: 12
41 53 -1 #SUP: 13
16 -1 4 -1 13 -1 #SUP: 14
28 -1 26 -1 #SUP: 13
150 -1 44 -1 4 -1 #SUP: 11
16 -1 7 -1 #SUP: 17
16 -1 150 -1 #SUP: 14
43 -1 205 -1 #SUP: 12
71 -1 26 -1 #SUP: 12
16 -1 11 -1 #SUP: 15
102 -1 53 -1 53 -1 53 -1 #SUP: 12
166 -1 4 -1 165 -1 #SUP: 12
16 -1 13 -1 4 -1 #SUP: 14
187 -1 #SUP: 12
16 -1 13 -1 4 -1 4 -1 #SUP: 11
44 -1 71 -1 71 -1 71 -1 #SUP: 12
16 -1 44 -1 #SUP: 12
166 -1 167 -1 #SUP: 12
16 -1 16 -1 #SUP: 16
16 -1 17 -1 #SUP: 12
44 -1 40 -1 40 -1 40 -1 #SUP: 15
54 -1 59 -1 #SUP: 14
68 -1 44 -1 #SUP: 14
75 -1 9 -1 #SUP: 11
135 -1 71 79 -1 #SUP: 12
149 -1 4 -1 4 -1 #SUP: 15
16 -1 75 -1 #SUP: 11
66 -1 77 -1 71 -1 #SUP: 11
16 -1 19 -1 #SUP: 13
16 -1 165 -1 #SUP: 21
16 -1 165 -1 4 -1 #SUP: 17
17 -1 #SUP: 27
71 79 -1 #SUP: 29
17 -1 4 -1 4 -1 4 -1 #SUP: 12
73 -1 43 -1 #SUP: 11
88 -1 206 -1 #SUP: 12
145 -1 165 -1 #SUP: 13
17 -1 13 -1 #SUP: 12
73 -1 76 -1 #SUP: 12
17 -1 16 -1 #SUP: 11
150 -1 4 -1 4 -1 167 -1 #SUP: 11
166 -1 43 -1 #SUP: 13
19 -1 #SUP: 23
19 -1 4 -1 #SUP: 13
19 -1 4 -1 4 -1 #SUP: 11
26 -1 28 -1 #SUP: 16
20 -1 #SUP: 68
20 -1 27 -1 #SUP: 18
27 -1 75 -1 #SUP: 13
20 -1 28 -1 28 -1 #SUP: 16
150 -1 4 16 -1 #SUP: 12
174 -1 40 -1 40 -1 #SUP: 14
20 -1 2 -1 #SUP: 23
20 -1 2 -1 101 -1 #SUP: 11
20 -1 3 -1 #SUP: 16
86 -1 2 -1 #SUP: 14
88 -1 44 -1 #SUP: 18
165 -1 4 -1 4 -1 #SUP: 19
20 -1 5 -1 #SUP: 11
166 -1 13 -1 #SUP: 17
20 -1 205 -1 #SUP: 16
20 -1 38 -1 #SUP: 17
88 -1 2 -1 #SUP: 18
134 -1 #SUP: 15
20 -1 71 -1 71 -1 #SUP: 12
20 -1 43 -1 #SUP: 18
28 -1 23 -1 #SUP: 15
135 -1 71 -1 71 -1 71 -1 #SUP: 16
20 -1 44 -1 #SUP: 38
20 -1 44 -1 28 -1 #SUP: 11
20 -1 44 -1 75 -1 #SUP: 12
39 -1 37 -1 #SUP: 11
165 -1 4 -1 4 -1 4 -1 4 -1 4 -1 #SUP: 11
20 -1 44 -1 88 -1 #SUP: 11
44 -1 124 -1 #SUP: 13
79 -1 13 -1 #SUP: 14
20 -1 44 -1 43 -1 #SUP: 11
166 -1 167 -1 4 -1 #SUP: 11
20 -1 75 -1 #SUP: 19
20 -1 20 -1 #SUP: 23
20 -1 22 -1 #SUP: 11
20 -1 23 -1 #SUP: 13
44 -1 71 -1 71 -1 #SUP: 15
88 -1 2 -1 88 -1 #SUP: 12
21 -1 #SUP: 20
22 -1 #SUP: 59
22 -1 26 -1 #SUP: 13
166 -1 27 -1 #SUP: 11
22 -1 28 -1 #SUP: 21
40 54 -1 #SUP: 19
22 -1 28 -1 28 -1 #SUP: 17
69 -1 75 -1 #SUP: 12
22 -1 28 -1 28 -1 28 -1 #SUP: 11
22 -1 29 -1 #SUP: 12
55 -1 #SUP: 12
22 -1 120 -1 #SUP: 16
22 -1 71 -1 #SUP: 28
22 -1 71 -1 71 -1 #SUP: 25
22 -1 71 -1 71 -1 71 -1 #SUP: 22
22 -1 71 -1 71 -1 71 -1 71 -1 #SUP: 16
40 -1 44 -1 54 -1 #SUP: 12
150 -1 4 -1 167 -1 4 -1 #SUP: 13
22 -1 71 -1 71 -1 71 -1 71 -1 71 -1 #SUP: 12
22 -1 71 -1 43 -1 #SUP: 11
40 -1 39 -1 40 -1 #SUP: 12
71 79 -1 43 -1 #SUP: 13
22 -1 71 -1 44 -1 #SUP: 11
39 -1 13 -1 40 -1 #SUP: 11
22 -1 43 -1 #SUP: 14
100 -1 44 -1 #SUP: 11
22 -1 43 -1 71 -1 #SUP: 11
135 -1 73 -1 71 -1 #SUP: 11
22 -1 75 -1 #SUP: 12
22 -1 77 -1 #SUP: 12
30 -1 44 -1 #SUP: 11
22 -1 22 -1 #SUP: 15
22 -1 79 -1 71 -1 #SUP: 11
22 -1 23 -1 #SUP: 12
68 -1 71 -1 71 -1 #SUP: 13
73 -1 44 -1 #SUP: 14
23 -1 #SUP: 33
23 -1 28 -1 #SUP: 19
68 -1 79 -1 #SUP: 16
24 -1 #SUP: 21
24 -1 28 -1 #SUP: 17
150 -1 2 -1 4 -1 4 -1 #SUP: 13
24 -1 28 -1 28 -1 #SUP: 12
25 -1 #SUP: 28
25 -1 28 -1 #SUP: 17
71 -1 120 -1 #SUP: 19
25 -1 28 -1 28 -1 #SUP: 12
25 -1 2 -1 #SUP: 15
26 -1 #SUP: 45
26 -1 53 -1 53 -1 #SUP: 11
26 -1 27 -1 #SUP: 18
26 -1 44 -1 #SUP: 17
27 -1 #SUP: 61
27 -1 28 -1 #SUP: 11
27 -1 4 -1 #SUP: 15
27 -1 43 -1 #SUP: 20
28 -1 #SUP: 56
28 -1 28 -1 #SUP: 33
28 -1 28 -1 28 -1 #SUP: 22
107 -1 53 -1 #SUP: 17
28 -1 2 -1 #SUP: 18
28 -1 38 -1 #SUP: 12
28 -1 71 -1 #SUP: 18
28 -1 71 -1 71 -1 #SUP: 13
71 -1 20 -1 #SUP: 12
28 -1 44 -1 #SUP: 22
28 -1 22 -1 #SUP: 12
44 -1 121 -1 #SUP: 12
44 -1 101 -1 #SUP: 14
66 -1 71 79 -1 71 -1 #SUP: 11
69 -1 73 -1 71 -1 #SUP: 13
29 -1 #SUP: 30
29 -1 28 -1 #SUP: 22
29 -1 44 -1 #SUP: 14
135 -1 76 -1 #SUP: 14
30 -1 #SUP: 29
31 -1 #SUP: 18
32 -1 28 -1 #SUP: 11
33 -1 #SUP: 21
35 -1 #SUP: 23
37 -1 #SUP: 35
37 -1 59 -1 #SUP: 17
37 -1 39 -1 #SUP: 11
145 -1 4 -1 4 -1 11 -1 #SUP: 11
37 -1 40 -1 #SUP: 29
37 -1 40 -1 54 -1 #SUP: 16
71 -1 185 -1 #SUP: 16
145 -1 4 166 -1 #SUP: 12
37 -1 40 -1 40 -1 #SUP: 21
37 -1 40 -1 51 -1 #SUP: 11
37 -1 13 -1 #SUP: 13
37 -1 44 -1 #SUP: 17
37 -1 45 -1 #SUP: 13
254 -1 #SUP: 12
37 -1 51 -1 #SUP: 14
38 -1 #SUP: 54
38 -1 53 -1 #SUP: 19
38 -1 53 -1 53 -1 #SUP: 14
118 -1 53 -1 #SUP: 11
38 -1 28 -1 28 -1 #SUP: 11
38 -1 71 -1 #SUP: 14
38 -1 43 -1 #SUP: 16
38 -1 44 -1 #SUP: 21
150 -1 11 -1 #SUP: 15
166 -1 165 -1 #SUP: 15
39 -1 #SUP: 27
39 -1 174 -1 #SUP: 11
135 -1 71 -1 71 -1 71 -1 71 -1 #SUP: 12
39 -1 39 -1 #SUP: 11
39 -1 40 -1 #SUP: 23
71 -1 129 -1 #SUP: 16
39 -1 40 -1 40 -1 #SUP: 17
39 -1 43 -1 #SUP: 11
39 -1 44 -1 #SUP: 19
54 -1 40 -1 40 -1 #SUP: 15
39 40 -1 #SUP: 12
40 -1 #SUP: 55
40 132 -1 #SUP: 11
145 -1 166 -1 7 -1 #SUP: 11
40 -1 54 -1 #SUP: 29
40 -1 54 -1 40 -1 #SUP: 20
40 -1 54 -1 40 -1 40 -1 #SUP: 13
40 -1 28 -1 #SUP: 12
145 -1 4 -1 4 -1 13 -1 #SUP: 11
145 -1 4 -1 13 -1 4 -1 #SUP: 11
40 -1 2 -1 #SUP: 24
40 -1 59 -1 #SUP: 25
40 -1 59 -1 40 -1 #SUP: 15
44 -1 38 -1 #SUP: 18
40 -1 174 -1 #SUP: 19
40 -1 174 -1 54 -1 #SUP: 11
40 -1 121 -1 40 -1 #SUP: 14
40 59 -1 #SUP: 16
255 -1 44 -1 #SUP: 13
40 -1 124 -1 40 -1 #SUP: 12
40 -1 40 -1 #SUP: 38
40 -1 40 -1 54 -1 #SUP: 15
40 -1 40 59 -1 #SUP: 13
71 -1 44 -1 71 -1 #SUP: 14
136 -1 #SUP: 13
166 -1 7 -1 #SUP: 14
40 -1 40 -1 40 -1 #SUP: 28
40 -1 40 -1 40 -1 59 -1 #SUP: 11
71 79 -1 71 -1 71 -1 #SUP: 15
40 -1 40 -1 40 54 -1 #SUP: 12
40 -1 40 -1 40 -1 40 -1 #SUP: 20
40 -1 40 -1 13 -1 #SUP: 11
40 -1 40 -1 43 -1 #SUP: 11
79 -1 79 -1 #SUP: 12
158 -1 #SUP: 11
40 -1 40 -1 44 -1 40 -1 #SUP: 11
40 -1 13 -1 #SUP: 22
40 -1 13 -1 54 -1 #SUP: 11
40 -1 13 -1 40 -1 #SUP: 14
40 -1 42 -1 40 -1 40 -1 #SUP: 11
40 -1 43 -1 #SUP: 21
53 -1 102 -1 #SUP: 17
40 -1 43 -1 40 -1 #SUP: 12
42 -1 13 -1 #SUP: 14
165 -1 4 -1 4 -1 13 -1 #SUP: 11
40 -1 44 -1 #SUP: 32
40 -1 44 -1 40 -1 #SUP: 20
71 79 -1 71 -1 #SUP: 23
40 -1 44 -1 40 -1 40 -1 #SUP: 14
40 -1 44 -1 40 -1 40 -1 40 -1 #SUP: 11
71 -1 71 -1 137 -1 #SUP: 12
40 -1 44 -1 51 -1 #SUP: 13
40 -1 45 -1 #SUP: 18
66 -1 69 -1 #SUP: 17
40 -1 45 -1 40 -1 #SUP: 14
101 -1 44 -1 #SUP: 14
40 -1 75 -1 #SUP: 19
41 -1 #SUP: 33
41 -1 53 -1 #SUP: 25
41 -1 53 -1 53 -1 #SUP: 18
42 -1 #SUP: 30
42 -1 54 -1 #SUP: 18
42 -1 54 -1 40 -1 #SUP: 12
66 -1 73 -1 #SUP: 13
145 -1 16 -1 4 -1 #SUP: 14
42 -1 59 -1 #SUP: 16
42 -1 59 -1 40 -1 #SUP: 14
165 -1 13 -1 #SUP: 15
42 -1 121 -1 40 -1 #SUP: 12
145 -1 166 -1 4 -1 4 -1 #SUP: 13
42 -1 40 -1 #SUP: 25
42 -1 40 -1 40 -1 #SUP: 20
69 -1 135 -1 #SUP: 16
43 -1 #SUP: 72
43 -1 114 -1 #SUP: 11
43 -1 13 -1 #SUP: 21
43 -1 71 -1 #SUP: 17
71 -1 71 -1 71 -1 71 -1 71 -1 #SUP: 22
43 -1 43 -1 #SUP: 15
43 -1 75 -1 #SUP: 20
53 -1 53 -1 53 -1 53 -1 #SUP: 19
44 -1 #SUP: 111
44 -1 53 -1 #SUP: 20
44 -1 54 -1 #SUP: 16
124 -1 44 -1 #SUP: 16
44 -1 27 -1 #SUP: 24
44 -1 28 -1 #SUP: 21
44 -1 40 -1 40 -1 #SUP: 20
53 -1 118 -1 #SUP: 17
44 -1 28 -1 28 -1 #SUP: 14
44 -1 2 -1 #SUP: 19
44 -1 88 -1 #SUP: 23
44 -1 88 -1 88 -1 #SUP: 15
140 -1 #SUP: 16
44 -1 4 -1 #SUP: 20
167 -1 4 -1 #SUP: 22
44 -1 4 -1 4 -1 #SUP: 16
44 -1 205 -1 #SUP: 18
44 -1 40 -1 #SUP: 25
44 -1 41 -1 #SUP: 12
165 -1 11 -1 #SUP: 11
44 -1 13 -1 #SUP: 34
44 -1 43 -1 #SUP: 36
44 -1 44 -1 #SUP: 37
44 -1 45 -1 #SUP: 13
44 -1 45 -1 40 -1 #SUP: 11
44 -1 75 -1 #SUP: 25
44 -1 51 -1 #SUP: 15
54 -1 51 -1 #SUP: 14
45 -1 #SUP: 23
79 -1 44 -1 #SUP: 22
45 -1 40 -1 #SUP: 20
46 -1 #SUP: 17
47 -1 #SUP: 24
47 -1 41 -1 #SUP: 12
166 -1 13 -1 4 -1 #SUP: 12
176 -1 4 -1 #SUP: 12
50 -1 #SUP: 23
50 -1 53 -1 #SUP: 15
88 -1 97 -1 #SUP: 16
50 -1 41 -1 #SUP: 12
88 -1 88 -1 97 -1 #SUP: 11
53 -1 #SUP: 45
53 -1 53 -1 #SUP: 27
53 -1 53 -1 53 -1 53 -1 53 -1 #SUP: 18
53 -1 57 -1 #SUP: 11
53 -1 41 -1 #SUP: 17
53 -1 43 -1 #SUP: 16
121 -1 40 -1 40 -1 #SUP: 18
53 -1 46 -1 #SUP: 13
54 -1 #SUP: 37
54 -1 40 -1 #SUP: 22
54 -1 44 -1 #SUP: 17
182 -1 #SUP: 12
54 -1 44 -1 40 -1 #SUP: 12
54 -1 75 -1 #SUP: 11
103 -1 #SUP: 14
56 -1 #SUP: 23
56 132 -1 #SUP: 15
66 -1 71 -1 71 -1 71 -1 71 -1 #SUP: 16
73 -1 69 -1 #SUP: 14
135 -1 43 -1 #SUP: 12
145 -1 145 -1 4 -1 #SUP: 11
56 -1 2 -1 #SUP: 14
59 -1 #SUP: 32
59 -1 40 -1 #SUP: 21
174 -1 #SUP: 23
59 -1 40 -1 40 -1 #SUP: 13
59 234 -1 #SUP: 11
79 -1 66 -1 #SUP: 11
63 -1 #SUP: 21
66 -1 #SUP: 37
66 -1 2 -1 #SUP: 19
66 -1 120 -1 #SUP: 15
66 -1 120 -1 71 -1 71 -1 #SUP: 11
165 -1 43 -1 4 -1 #SUP: 11
66 -1 66 -1 #SUP: 11
150 -1 4 -1 75 -1 #SUP: 11
66 -1 68 -1 #SUP: 14
66 -1 71 -1 #SUP: 33
66 -1 71 -1 71 -1 #SUP: 24
66 -1 71 -1 43 -1 #SUP: 13
88 -1 13 -1 #SUP: 15
174 -1 40 -1 #SUP: 19
66 -1 71 -1 44 -1 #SUP: 13
66 -1 71 -1 79 -1 #SUP: 12
66 -1 43 -1 #SUP: 16
66 71 -1 #SUP: 12
66 -1 79 -1 #SUP: 23
66 -1 137 -1 #SUP: 14
68 -1 #SUP: 31
68 -1 71 -1 #SUP: 22
69 -1 #SUP: 33
69 -1 2 -1 #SUP: 16
69 -1 66 -1 #SUP: 15
69 -1 66 -1 71 -1 #SUP: 13
71 -1 71 -1 79 -1 #SUP: 17
79 -1 120 -1 #SUP: 16
124 -1 59 -1 #SUP: 12
69 -1 68 -1 #SUP: 12
150 -1 4 -1 16 -1 4 -1 #SUP: 12
69 -1 71 -1 #SUP: 24
69 -1 71 -1 71 -1 #SUP: 17
69 -1 71 -1 71 -1 71 -1 #SUP: 14
69 -1 44 -1 #SUP: 14
69 -1 76 -1 #SUP: 12
69 71 -1 #SUP: 12
79 -1 137 -1 #SUP: 12
69 -1 79 -1 #SUP: 16
69 -1 79 -1 71 -1 #SUP: 11
69 -1 137 -1 71 -1 #SUP: 11
71 -1 #SUP: 73
71 -1 84 -1 #SUP: 14
121 -1 51 -1 #SUP: 11
71 -1 28 -1 #SUP: 12
71 -1 185 -1 71 -1 #SUP: 12
98 -1 #SUP: 12
100 -1 13 -1 #SUP: 12
71 79 -1 44 -1 #SUP: 11
71 137 -1 #SUP: 14
78 -1 317 -1 #SUP: 11
310 -1 #SUP: 12
71 -1 120 -1 71 -1 #SUP: 13
71 -1 120 -1 71 -1 71 -1 #SUP: 11
71 -1 68 -1 #SUP: 11
71 -1 71 -1 #SUP: 46
71 -1 71 -1 120 -1 #SUP: 12
126 -1 71 -1 #SUP: 12
127 -1 #SUP: 12
71 -1 71 -1 71 -1 #SUP: 39
71 -1 71 -1 71 -1 71 -1 #SUP: 30
71 -1 71 -1 71 -1 71 -1 71 -1 71 -1 #SUP: 15
71 -1 71 -1 71 -1 71 -1 71 -1 71 -1 71 -1 #SUP: 12
71 -1 71 -1 43 -1 #SUP: 18
71 -1 71 -1 129 -1 #SUP: 13
71 -1 43 -1 #SUP: 29
71 -1 43 -1 71 -1 #SUP: 13
71 -1 44 -1 #SUP: 29
71 -1 75 -1 #SUP: 19
71 -1 76 -1 #SUP: 15
149 -1 4 -1 #SUP: 18
71 -1 77 -1 #SUP: 13
91 -1 97 -1 #SUP: 11
71 -1 79 -1 #SUP: 24
71 -1 137 -1 71 -1 #SUP: 12
72 -1 #SUP: 27
72 -1 71 -1 #SUP: 11
73 -1 #SUP: 30
73 -1 68 -1 #SUP: 12
73 -1 71 -1 #SUP: 24
73 -1 71 79 -1 71 -1 #SUP: 11
73 -1 71 -1 71 -1 #SUP: 19
73 -1 79 -1 #SUP: 18
73 -1 137 -1 #SUP: 11
74 -1 78 -1 #SUP: 12
75 -1 4 -1 #SUP: 12
150 -1 4 -1 166 -1 #SUP: 11
75 -1 #SUP: 65
75 -1 13 -1 #SUP: 12
79 -1 86 -1 #SUP: 12
75 -1 71 -1 #SUP: 12
75 -1 43 -1 #SUP: 20
76 -1 #SUP: 23
76 -1 71 -1 71 -1 #SUP: 13
77 -1 #SUP: 24
77 -1 71 -1 #SUP: 17
78 -1 #SUP: 20
78 -1 78 -1 78 -1 #SUP: 12
79 -1 #SUP: 54
79 -1 2 -1 #SUP: 12
79 -1 71 -1 #SUP: 34
79 -1 71 -1 71 -1 #SUP: 26
79 -1 71 -1 71 -1 71 -1 #SUP: 20
79 -1 71 -1 71 -1 71 -1 71 -1 #SUP: 12
79 -1 75 -1 #SUP: 16
79 -1 22 -1 #SUP: 16
81 -1 #SUP: 23
84 -1 #SUP: 19
85 -1 #SUP: 13
86 -1 #SUP: 41
86 -1 71 -1 #SUP: 18
86 -1 44 -1 #SUP: 15
86 -1 75 -1 #SUP: 11
88 -1 #SUP: 36
88 -1 255 -1 #SUP: 15
88 -1 255 -1 88 -1 #SUP: 11
88 -1 88 -1 #SUP: 26
88 -1 205 -1 #SUP: 11
88 -1 75 -1 #SUP: 13
255 -1 13 -1 #SUP: 13
90 -1 #SUP: 12
91 -1 #SUP: 21
97 -1 #SUP: 21
100 -1 #SUP: 24
100 -1 2 -1 #SUP: 12
163 -1 #SUP: 14
100 -1 100 -1 #SUP: 11
101 -1 #SUP: 25
101 -1 43 -1 #SUP: 11
101 -1 44 -1 101 -1 #SUP: 11
101 -1 101 -1 #SUP: 20
101 -1 105 -1 #SUP: 11
102 -1 #SUP: 22
102 -1 53 -1 53 -1 #SUP: 14
102 -1 53 -1 53 -1 53 -1 53 -1 #SUP: 11
107 -1 #SUP: 23
107 -1 41 -1 #SUP: 12
112 -1 #SUP: 20
113 -1 #SUP: 12
120 -1 44 -1 #SUP: 12
114 -1 #SUP: 27
118 -1 #SUP: 18
120 -1 #SUP: 31
120 -1 71 -1 #SUP: 22
120 -1 22 -1 #SUP: 11
121 -1 40 -1 #SUP: 21
121 -1 40 -1 40 -1 40 -1 #SUP: 12
135 -1 71 79 -1 71 -1 #SUP: 11
121 -1 13 -1 40 -1 #SUP: 11
123 -1 #SUP: 15
124 -1 #SUP: 35
124 -1 40 -1 #SUP: 14
124 -1 43 -1 #SUP: 12
124 -1 75 -1 #SUP: 15
127 -1 71 -1 #SUP: 11
145 -1 167 -1 #SUP: 11
150 -1 1 -1 4 -1 #SUP: 11
129 -1 #SUP: 20
132 -1 #SUP: 22
135 -1 #SUP: 31
135 -1 69 -1 #SUP: 13
137 -1 69 -1 #SUP: 12
255 -1 88 -1 88 -1 #SUP: 11
135 -1 71 -1 #SUP: 26
135 -1 71 -1 71 -1 #SUP: 24
135 -1 79 -1 #SUP: 20
135 -1 137 -1 71 -1 71 -1 #SUP: 11
137 -1 #SUP: 34
137 -1 71 -1 #SUP: 25
137 -1 71 -1 71 -1 #SUP: 18
137 -1 71 -1 71 -1 71 -1 #SUP: 11
137 -1 44 -1 #SUP: 13
137 -1 79 -1 #SUP: 14
145 -1 #SUP: 29
145 -1 166 -1 #SUP: 18
145 -1 166 -1 16 -1 #SUP: 11
145 -1 166 -1 4 -1 #SUP: 15
145 -1 166 -1 4 -1 4 -1 4 -1 #SUP: 11
145 -1 1 -1 #SUP: 13
145 -1 4 -1 #SUP: 24
145 -1 4 -1 166 -1 #SUP: 12
145 -1 4 166 -1 4 -1 #SUP: 11
145 -1 4 -1 4 -1 #SUP: 16
145 -1 4 -1 4 -1 4 -1 #SUP: 15
145 -1 4 -1 4 -1 4 -1 4 -1 #SUP: 13
145 -1 4 -1 7 -1 #SUP: 11
145 -1 150 -1 4 -1 #SUP: 11
145 -1 11 -1 4 -1 #SUP: 11
145 -1 13 -1 4 -1 #SUP: 15
145 -1 16 -1 #SUP: 18
149 -1 #SUP: 20
149 -1 4 -1 4 -1 4 -1 #SUP: 11
149 -1 7 -1 #SUP: 11
149 -1 16 -1 4 -1 #SUP: 11
150 -1 #SUP: 37
150 -1 166 -1 4 -1 #SUP: 14
150 -1 2 -1 #SUP: 16
150 -1 2 -1 4 -1 #SUP: 14
150 -1 145 -1 #SUP: 13
173 -1 #SUP: 12
150 -1 4 -1 #SUP: 29
150 -1 4 -1 4 -1 #SUP: 26
150 -1 4 -1 4 -1 4 -1 #SUP: 21
150 -1 4 -1 13 -1 #SUP: 18
150 -1 7 -1 #SUP: 14
150 -1 7 -1 4 -1 #SUP: 11
150 -1 13 -1 4 -1 4 -1 #SUP: 11
150 -1 44 -1 #SUP: 13
150 -1 16 -1 #SUP: 22
150 -1 16 -1 4 -1 #SUP: 18
150 -1 165 -1 #SUP: 18
150 -1 165 -1 4 -1 #SUP: 17
162 -1 #SUP: 13
165 -1 #SUP: 30
165 -1 167 -1 #SUP: 12
165 -1 167 -1 4 -1 #SUP: 11
165 -1 4 -1 #SUP: 24
165 -1 4 -1 4 -1 4 -1 #SUP: 15
165 -1 4 -1 13 -1 #SUP: 12
165 -1 43 -1 #SUP: 14
166 -1 #SUP: 29
166 -1 4 -1 #SUP: 22
166 -1 4 -1 4 -1 #SUP: 20
166 -1 4 -1 4 -1 4 -1 4 -1 #SUP: 11
166 -1 150 -1 4 -1 #SUP: 11
166 -1 16 -1 #SUP: 15
166 -1 19 -1 #SUP: 11
166 -1 165 -1 4 -1 #SUP: 12
167 -1 #SUP: 26
176 -1 #SUP: 18
185 -1 #SUP: 20
205 -1 #SUP: 39
205 -1 9 -1 #SUP: 12
205 -1 44 -1 #SUP: 11
206 -1 #SUP: 15
210 -1 #SUP: 16
212 -1 #SUP: 18
222 -1 #SUP: 13
255 -1 #SUP: 24
255 -1 88 -1 #SUP: 17
255 -1 97 -1 #SUP: 13
293 -1 #SUP: 13
313 -1 #SUP: 11
300 -1 #SUP: 12
317 -1 #SUP: 14
