1 -1 2 3 -1 4 -1 5 6 -1 7 -1 8 9 -1 7 -1 10 -1 11 -1 12 -1 13 -1 5 6 9 14 -1 15 16 17 -1 9 10 18 -1 -2
4 19 -1 2 20 -1 21 -1 22 -1 23 -1 24 25 -1 20 26 -1 20 26 -1 27 -1 28 -1 22 29 -1 28 30 -1 22 28 29 -1 31 32 -1 33 34 -1 28 -1 -2
35 -1 36 -1 37 -1 38 -1 39 40 -1 41 -1 42 43 -1 44 -1 13 42 45 -1 2 46 -1 47 48 49 50 51 -1 41 52 53 -1 54 -1 47 50 53 55 -1 40 56 -1 57 -1 -2
39 40 58 59 60 61 -1 2 36 50 -1 20 -1 20 -1 23 -1 41 -1 62 -1 44 -1 38 63 -1 26 47 53 -1 64 -1 46 -1 -2
22 29 35 47 48 49 50 65 66 -1 2 67 -1 68 69 -1 70 -1 71 72 73 -1 74 -1 68 71 -1 75 -1 71 76 77 -1 74 78 -1 71 79 -1 80 81 -1 27 66 71 -1 82 83 -1 44 84 -1 26 78 80 85 -1 -2
71 86 87 -1 2 88 -1 89 -1 90 -1 41 -1 91 -1 92 -1 88 93 -1 94 95 -1 96 97 -1 71 98 -1 91 99 -1 71 98 -1 -2
13 88 100 -1 20 -1 26 -1 101 -1 53 -1 44 -1 102 -1 103 -1 2 104 -1 105 -1 106 107 108 -1 109 -1 106 110 -1 3 101 111 -1 43 -1 101 112 113 -1 57 -1 101 114 115 -1 38 41 106 116 -1 75 101 117 -1 106 118 -1 -2
119 -1 2 39 -1 22 -1 45 -1 120 -1 39 121 -1 71 122 123 -1 37 40 -1 71 79 -1 40 124 -1 124 -1 13 75 -1 72 125 -1 40 43 -1 71 81 126 -1 40 62 -1 122 127 128 -1 40 -1 79 129 130 131 -1 56 132 -1 71 86 -1 -2
13 25 -1 20 -1 32 -1 133 -1 33 -1 44 -1 134 -1 101 111 -1 2 22 26 33 -1 24 44 -1 26 28 68 -1 43 -1 28 69 -1 101 105 -1 -2
24 28 69 -1 2 22 -1 26 -1 135 -1 23 -1 76 -1 136 -1 137 138 -1 75 -1 71 139 -1 64 -1 73 84 -1 20 140 -1 71 73 120 -1 22 28 34 35 -1 27 77 -1 28 34 -1 69 129 141 -1 28 136 -1 -2
27 71 73 86 -1 100 -1 42 44 -1 38 -1 121 -1 142 -1 40 -1 41 -1 13 -1 100 102 -1 39 40 -1 53 143 -1 40 -1 47 53 107 -1 13 40 42 54 -1 44 53 -1 40 59 60 -1 41 53 -1 40 144 -1 53 98 -1 -2
56 132 -1 25 -1 2 145 -1 88 -1 4 -1 146 147 -1 15 16 -1 147 148 -1 149 150 -1 88 -1 11 -1 44 97 -1 11 -1 88 146 -1 -2
4 7 87 95 -1 70 -1 89 112 -1 2 74 -1 9 151 -1 80 -1 152 153 -1 78 81 -1 -2
69 154 155 -1 36 -1 68 73 -1 20 -1 71 156 -1 2 26 36 50 -1 66 71 157 -1 41 50 -1 71 158 -1 75 -1 68 156 159 -1 47 53 160 -1 69 71 135 -1 44 47 53 -1 71 137 161 -1 53 -1 44 71 -1 52 53 102 -1 71 79 -1 53 162 -1 71 129 -1 53 55 -1 71 163 -1 -2
46 53 100 -1 145 -1 26 -1 149 -1 116 -1 4 16 150 -1 53 164 -1 165 -1 53 107 -1 11 -1 53 116 -1 150 165 -1 53 75 -1 4 166 -1 43 -1 4 7 167 -1 53 108 118 -1 1 168 -1 27 53 108 -1 4 13 145 -1 53 98 -1 169 170 -1 41 53 171 -1 4 15 167 -1 53 172 -1 4 166 173 -1 2 53 75 118 -1 -2
4 11 17 -1 25 -1 1 -1 38 -1 145 -1 45 -1 149 -1 25 40 -1 7 16 -1 174 -1 11 -1 40 54 -1 4 166 -1 40 44 -1 4 7 -1 42 56 132 -1 1 16 165 -1 40 45 -1 4 17 149 -1 40 175 -1 4 11 -1 40 59 -1 4 176 -1 40 -1 4 177 -1 27 38 40 -1 4 167 -1 40 178 -1 4 43 -1 37 40 -1 4 19 -1 -2
2 40 54 107 -1 22 -1 107 -1 31 -1 36 47 50 -1 24 26 28 -1 36 41 -1 24 28 -1 44 -1 32 134 -1 20 53 -1 20 28 -1 160 -1 -2
28 31 35 -1 50 -1 2 100 -1 20 -1 145 -1 41 -1 4 150 -1 20 38 -1 1 4 16 -1 47 179 -1 166 -1 3 41 -1 13 16 -1 53 180 -1 1 13 -1 46 -1 47 48 50 52 -1 53 -1 165 167 -1 38 53 -1 4 150 176 -1 27 53 -1 4 17 -1 53 57 -1 17 181 -1 46 53 -1 -2
4 176 182 -1 37 -1 145 -1 40 121 -1 2 166 -1 40 121 175 -1 166 -1 40 59 -1 11 -1 124 -1 1 13 -1 13 40 -1 4 149 150 -1 56 132 -1 1 13 16 -1 54 59 -1 4 19 60 -1 13 54 -1 7 42 168 -1 42 51 75 -1 -2
4 15 16 71 145 183 -1 88 -1 135 -1 2 44 -1 44 -1 96 -1 84 -1 88 184 -1 120 185 -1 186 -1 27 68 -1 -2
25 187 -1 2 40 -1 28 -1 42 44 -1 29 -1 45 -1 24 28 -1 39 40 -1 25 28 38 -1 174 -1 5 26 28 188 -1 40 75 -1 23 189 -1 40 54 -1 28 34 -1 -2
40 43 69 -1 66 -1 135 -1 71 -1 72 73 -1 2 71 79 -1 71 -1 22 -1 77 185 190 -1 120 137 -1 76 137 191 -1 71 139 -1 43 -1 125 -1 71 163 -1 75 192 -1 44 69 71 -1 13 79 193 -1 -2
2 20 129 190 194 -1 195 -1 33 -1 17 -1 30 -1 4 15 -1 140 -1 75 -1 21 38 -1 150 165 -1 64 -1 176 196 -1 43 -1 167 197 -1 22 27 -1 4 198 -1 28 33 34 44 -1 4 -1 28 -1 4 196 -1 23 28 -1 4 16 199 -1 21 28 -1 4 165 200 -1 28 61 -1 201 -1 28 65 202 203 -1 4 16 75 150 -1 -2
26 63 204 -1 2 22 -1 3 -1 38 -1 20 148 -1 29 -1 24 205 -1 25 28 -1 44 -1 24 28 -1 114 -1 26 28 35 -1 -2
66 135 205 206 -1 2 120 -1 72 -1 122 -1 66 79 -1 71 207 -1 68 71 -1 127 128 -1 71 77 -1 22 126 -1 163 -1 124 -1 71 76 122 -1 71 207 -1 71 84 -1 22 71 120 -1 44 71 86 -1 -2
22 71 127 128 -1 3 -1 122 -1 2 112 126 133 -1 22 71 -1 101 208 209 -1 210 -1 103 -1 71 210 -1 44 208 -1 125 -1 43 -1 149 211 -1 114 115 -1 13 210 -1 205 -1 71 79 124 -1 109 113 -1 71 211 212 -1 101 105 -1 71 125 -1 44 75 -1 13 79 212 -1 101 105 -1 11 71 -1 75 101 -1 213 -1 -2
119 -1 2 214 -1 20 -1 100 -1 101 -1 101 -1 44 -1 215 -1 111 208 -1 101 111 -1 101 -1 100 216 -1 20 75 -1 105 -1 113 217 -1 20 101 218 -1 111 114 -1 101 219 -1 -2
101 115 -1 47 -1 9 -1 53 -1 10 -1 2 44 -1 210 -1 53 107 -1 9 26 -1 75 -1 27 -1 20 55 -1 6 164 220 -1 43 -1 9 221 -1 57 -1 217 222 -1 26 41 50 53 -1 9 187 223 -1 52 53 118 -1 9 224 225 -1 53 162 -1 124 226 -1 53 -1 227 -1 36 53 -1 228 229 -1 46 -1 47 49 50 -1 41 -1 -2
20 101 212 229 230 -1 2 231 -1 101 208 -1 232 -1 103 -1 75 -1 -2
2 39 112 119 -1 233 -1 37 -1 34 -1 42 51 -1 29 -1 37 40 -1 21 30 -1 51 -1 64 -1 13 54 -1 22 23 -1 -2
54 174 -1 2 214 -1 39 42 124 -1 113 -1 13 37 -1 205 -1 40 44 -1 101 112 208 -1 40 45 121 -1 105 -1 40 59 234 -1 101 111 112 -1 40 43 -1 101 205 -1 -2
40 56 132 -1 2 107 -1 39 -1 107 -1 44 -1 36 52 -1 174 -1 44 -1 40 45 -1 27 -1 13 40 -1 44 47 52 -1 40 54 121 -1 38 102 -1 44 59 234 -1 -2
36 38 53 -1 9 -1 45 -1 220 -1 37 178 -1 210 -1 40 44 -1 225 -1 132 -1 187 -1 45 59 -1 -2
2 20 230 -1 156 -1 101 -1 131 -1 208 -1 211 -1 133 -1 71 79 -1 44 -1 71 235 -1 3 101 -1 71 76 -1 43 -1 224 236 -1 -2
61 112 119 -1 2 37 -1 22 -1 45 -1 29 -1 40 -1 20 21 33 -1 42 114 -1 63 237 -1 40 221 -1 64 -1 40 54 -1 21 27 -1 144 -1 -2
23 28 30 66 135 -1 16 150 -1 76 -1 2 166 -1 44 -1 4 150 -1 27 -1 7 145 -1 163 -1 1 13 -1 125 -1 166 167 -1 77 120 135 -1 11 149 -1 22 72 86 194 -1 19 145 -1 43 71 -1 19 197 -1 71 84 137 238 -1 4 173 177 -1 68 71 239 -1 4 16 240 -1 71 239 241 -1 4 11 -1 -2
71 79 86 -1 20 -1 2 149 -1 101 -1 149 -1 216 -1 15 16 -1 27 -1 11 -1 214 216 -1 165 -1 105 -1 7 16 167 -1 105 242 -1 243 -1 44 101 113 -1 168 -1 101 221 -1 13 75 -1 101 111 -1 4 43 -1 101 219 -1 -2
165 197 244 -1 61 -1 244 245 -1 24 -1 94 -1 23 -1 153 246 -1 2 24 63 -1 -2
95 155 -1 4 -1 9 -1 136 -1 10 -1 4 16 -1 2 8 12 -1 247 -1 103 -1 16 75 -1 217 -1 104 -1 9 225 -1 248 249 -1 43 -1 19 167 -1 228 -1 136 248 249 -1 75 229 -1 249 -1 205 224 229 -1 176 232 250 -1 229 -1 19 249 251 -1 212 229 -1 75 165 -1 27 229 -1 -2
27 249 -1 25 -1 2 20 -1 28 -1 40 -1 23 -1 175 252 -1 28 35 -1 142 253 -1 32 134 -1 40 132 -1 -2
30 35 -1 78 -1 20 -1 78 -1 -2
2 43 44 88 123 254 255 -1 25 -1 70 -1 256 -1 78 257 -1 2 206 258 -1 74 -1 88 -1 78 259 -1 97 134 -1 260 261 -1 44 88 -1 70 257 259 261 -1 88 134 -1 74 78 262 263 -1 264 -1 78 80 81 -1 88 -1 78 81 -1 90 -1 -2
87 152 262 265 266 267 -1 2 37 -1 268 -1 40 -1 152 155 -1 37 -1 28 244 -1 54 -1 151 155 -1 59 87 -1 -2
112 153 -1 18 -1 255 -1 3 -1 156 -1 5 9 -1 269 -1 44 -1 97 156 -1 9 270 -1 88 90 271 -1 9 10 272 -1 88 159 -1 6 9 273 274 -1 44 269 -1 275 -1 88 -1 9 12 -1 44 88 91 -1 226 276 -1 2 88 206 -1 124 230 -1 68 88 -1 9 222 227 -1 -2
2 22 264 -1 53 -1 22 -1 41 -1 122 123 126 -1 53 -1 71 -1 102 -1 71 122 -1 53 116 -1 71 -1 44 53 -1 71 81 277 -1 53 124 -1 71 124 -1 44 53 -1 213 -1 27 116 205 -1 71 127 -1 118 -1 -2
79 130 278 -1 9 -1 2 149 -1 9 -1 7 -1 279 -1 166 -1 9 280 -1 4 7 -1 6 205 223 228 -1 145 167 -1 223 281 282 -1 114 -1 283 -1 4 19 -1 43 -1 -2
11 66 135 -1 2 18 273 -1 137 -1 10 -1 284 -1 9 282 -1 159 -1 75 -1 285 -1 114 -1 73 156 158 -1 8 276 -1 43 -1 9 187 -1 68 69 71 -1 5 275 -1 71 129 286 -1 194 287 -1 86 137 -1 -2
9 -1 61 -1 68 -1 20 -1 158 -1 2 20 33 -1 44 286 -1 28 38 -1 44 88 -1 23 28 -1 88 205 -1 27 -1 76 288 -1 28 61 140 -1 97 289 -1 -2
26 28 30 66 -1 2 20 -1 22 -1 38 -1 73 77 137 -1 36 53 -1 290 -1 44 -1 68 71 157 -1 53 55 -1 44 69 71 -1 27 -1 -2
44 69 71 -1 28 -1 88 -1 28 -1 136 -1 26 28 -1 87 136 -1 291 292 -1 4 -1 23 30 -1 97 293 -1 188 204 -1 4 255 293 294 -1 295 296 -1 4 91 255 -1 14 296 297 -1 2 4 97 224 293 298 -1 23 140 299 -1 13 293 294 300 301 -1 14 140 302 303 -1 99 212 293 -1 14 30 304 -1 72 212 293 -1 28 305 306 -1 212 298 301 -1 140 237 302 303 -1 -2
4 42 45 93 293 -1 61 -1 39 -1 21 -1 42 59 121 234 -1 31 -1 40 -1 2 23 34 -1 174 -1 30 33 -1 59 234 -1 140 307 -1 -2
40 56 88 -1 9 -1 136 -1 10 -1 90 97 -1 9 164 -1 13 -1 12 -1 224 293 294 298 300 -1 2 6 26 221 -1 88 91 293 -1 210 273 308 -1 99 293 -1 44 205 -1 88 97 255 293 294 -1 27 226 -1 -2
3 293 -1 2 309 -1 3 -1 77 -1 20 97 -1 71 -1 20 91 255 -1 143 -1 44 97 -1 71 79 -1 13 88 -1 43 -1 43 50 -1 44 71 310 311 -1 88 254 -1 -2
44 71 78 312 313 -1 78 -1 80 -1 78 -1 260 -1 74 -1 74 -1 262 266 -1 314 -1 78 85 -1 104 -1 78 -1 315 -1 70 78 261 -1 75 316 -1 80 261 267 317 -1 213 -1 81 124 -1 85 318 -1 -2
85 257 263 265 266 -1 87 -1 9 -1 319 -1 10 -1 2 320 -1 210 -1 205 -1 226 -1 26 71 -1 6 103 -1 104 -1 222 223 -1 13 95 -1 12 205 -1 113 214 321 -1 27 220 -1 43 -1 9 187 -1 105 322 -1 9 114 -1 -2
105 214 322 -1 69 -1 71 -1 68 73 -1 79 -1 76 -1 71 123 -1 71 -1 71 79 130 -1 66 71 -1 323 -1 163 -1 120 127 -1 66 69 71 -1 71 126 127 -1 71 135 -1 71 86 131 -1 71 157 185 286 -1 -2
71 120 -1 2 42 59 234 -1 22 -1 37 233 -1 31 -1 40 -1 5 38 324 -1 54 -1 28 32 -1 174 -1 28 -1 40 44 -1 28 -1 51 325 -1 26 30 -1 -2
4 40 100 132 -1 88 255 -1 4 150 -1 2 206 -1 166 -1 44 -1 4 17 -1 3 99 -1 100 166 -1 103 -1 4 150 -1 72 75 -1 4 16 326 -1 114 123 -1 165 166 -1 217 254 -1 173 181 -1 44 88 254 -1 201 -1 20 88 212 -1 13 167 182 -1 88 91 205 -1 1 11 145 327 328 -1 5 88 -1 -2
11 17 328 -1 73 -1 22 122 -1 310 -1 22 -1 185 311 -1 71 79 126 -1 44 -1 71 81 -1 71 185 193 313 329 -1 127 128 130 -1 71 -1 71 81 -1 43 -1 71 120 -1 66 71 137 310 -1 213 -1 66 71 330 -1 -2
79 86 -1 2 22 -1 20 -1 71 -1 23 77 202 -1 185 -1 140 -1 71 312 -1 44 -1 75 -1 -2
1 22 26 28 -1 38 -1 16 -1 331 -1 2 166 -1 102 -1 7 -1 27 -1 4 150 -1 53 -1 4 166 -1 26 118 -1 4 165 -1 172 -1 114 -1 53 107 -1 4 19 -1 43 53 -1 43 167 -1 53 221 -1 4 13 -1 38 41 53 108 -1 13 165 -1 53 116 212 -1 168 -1 44 53 98 -1 16 145 332 -1 -2
53 -1 88 -1 40 -1 88 90 -1 45 -1 293 298 -1 44 -1 93 224 293 298 300 -1 54 -1 136 294 -1 2 42 43 -1 88 221 -1 42 44 59 -1 13 91 255 -1 59 121 -1 72 88 97 255 293 -1 40 144 -1 87 99 212 294 -1 40 144 -1 99 101 136 -1 144 221 -1 -2
136 293 300 301 333 -1 2 334 -1 32 -1 310 311 -1 22 -1 71 79 -1 20 24 28 -1 71 137 312 -1 20 28 -1 71 335 -1 25 30 32 -1 71 310 -1 23 24 28 -1 71 86 -1 28 31 35 -1 -2
120 312 334 -1 2 20 -1 40 -1 3 -1 39 -1 254 -1 174 -1 97 -1 124 -1 3 206 -1 121 144 -1 13 -1 44 54 -1 43 -1 45 51 -1 72 88 91 -1 39 42 58 59 121 174 -1 75 205 -1 37 40 59 -1 5 88 91 206 -1 40 -1 -2
88 114 -1 2 135 -1 101 -1 73 -1 101 -1 71 -1 3 101 -1 77 -1 208 242 -1 84 286 -1 20 205 -1 22 71 79 -1 77 109 112 -1 71 156 158 -1 101 -1 27 336 -1 101 -1 27 69 71 241 -1 3 101 105 -1 22 71 86 -1 101 113 217 -1 71 -1 105 337 -1 71 73 158 -1 -2
112 119 -1 85 -1 2 7 -1 78 -1 1 4 -1 74 -1 4 -1 338 -1 4 167 -1 69 338 -1 149 167 -1 68 78 339 -1 4 75 -1 339 340 -1 17 165 -1 44 78 -1 4 7 197 -1 76 78 -1 -2
4 11 -1 150 -1 37 -1 2 149 -1 39 40 -1 16 177 -1 174 -1 166 -1 13 -1 165 -1 51 -1 4 149 -1 13 42 54 -1 4 13 -1 27 44 -1 167 -1 40 51 -1 4 19 -1 -2
54 66 124 -1 214 -1 2 68 135 -1 101 -1 135 -1 44 -1 71 79 -1 27 -1 44 69 -1 101 205 -1 66 71 120 -1 101 219 -1 44 71 -1 105 112 -1 71 163 -1 101 112 113 133 -1 72 125 -1 43 101 -1 -2
71 73 79 -1 135 -1 79 -1 142 -1 2 68 76 -1 68 79 -1 66 71 329 -1 73 157 158 -1 79 185 -1 120 142 -1 21 71 137 -1 66 84 135 -1 125 -1 71 -1 71 135 137 341 -1 71 211 -1 -2
3 27 69 120 -1 37 -1 254 -1 39 40 -1 254 -1 44 -1 88 123 -1 2 121 174 -1 20 88 97 255 -1 43 -1 -2
91 221 -1 150 -1 2 121 -1 177 -1 37 -1 7 -1 42 43 -1 167 -1 59 234 -1 75 -1 13 -1 124 -1 40 54 -1 4 121 232 -1 40 174 -1 4 -1 40 -1 165 342 -1 40 54 121 -1 4 39 58 75 -1 39 44 58 -1 4 16 176 -1 40 51 -1 4 7 167 -1 40 45 174 -1 4 43 343 -1 124 221 -1 4 165 -1 13 40 -1 4 114 -1 -2
2 37 56 59 60 -1 42 44 -1 121 -1 45 -1 344 -1 37 39 -1 39 121 -1 40 44 -1 40 44 -1 40 121 -1 40 132 -1 40 -1 51 -1 40 -1 40 144 -1 39 43 58 -1 13 40 221 -1 40 54 59 -1 -2
2 39 40 42 59 174 234 -1 42 44 -1 39 -1 45 -1 13 -1 40 -1 37 44 -1 40 -1 144 -1 40 -1 -2
56 132 -1 61 -1 150 -1 34 -1 182 -1 22 -1 142 -1 34 345 -1 -2
166 -1 47 -1 2 20 -1 53 -1 3 -1 41 -1 206 255 -1 162 -1 44 -1 27 -1 75 -1 46 -1 47 50 52 99 205 -1 38 41 107 -1 88 346 -1 172 -1 -2
25 44 88 -1 40 -1 20 -1 40 -1 31 -1 62 -1 28 32 -1 174 -1 24 30 -1 40 347 -1 23 35 324 -1 144 -1 -2
28 38 95 134 -1 88 255 -1 87 268 -1 348 -1 94 245 -1 91 -1 4 155 -1 2 224 293 294 298 300 -1 4 98 -1 97 293 -1 -2
92 100 268 -1 70 -1 1 -1 78 82 -1 4 150 -1 81 -1 2 4 17 -1 75 -1 4 145 -1 78 80 317 -1 4 166 -1 80 227 -1 4 182 -1 43 -1 4 19 -1 317 349 350 -1 1 145 165 -1 78 81 83 -1 4 16 100 -1 74 78 -1 4 109 182 -1 78 114 -1 4 13 -1 78 314 351 -1 201 -1 78 82 352 -1 13 16 173 -1 75 353 -1 4 150 181 -1 78 129 -1 114 167 354 -1 78 355 356 -1 4 86 326 -1 78 163 -1 4 86 -1 78 329 357 -1 11 86 -1 78 358 -1 11 86 -1 359 -1 4 86 -1 -2
78 241 289 -1 69 -1 2 107 -1 135 -1 53 -1 66 79 -1 53 -1 71 137 -1 98 -1 66 69 120 -1 75 -1 22 77 -1 53 102 -1 71 360 -1 53 98 -1 71 73 -1 116 205 -1 71 73 137 190 361 -1 53 108 118 -1 71 72 76 -1 38 55 362 -1 71 135 185 190 -1 53 108 110 -1 71 -1 44 53 -1 -2
69 86 -1 2 38 -1 73 -1 28 -1 71 -1 29 -1 44 -1 28 33 -1 27 -1 296 -1 -2
2 22 79 84 -1 137 253 -1 20 -1 120 -1 29 34 -1 44 -1 140 -1 310 312 313 -1 22 35 -1 44 79 -1 28 44 -1 13 66 193 -1 28 33 -1 71 86 -1 -2
2 21 28 30 63 -1 107 -1 20 -1 41 -1 29 -1 44 -1 28 61 -1 41 53 -1 38 63 -1 53 118 -1 64 -1 355 -1 43 -1 118 221 -1 24 64 -1 57 -1 22 28 140 -1 102 306 -1 -2
28 30 33 35 69 -1 73 -1 71 -1 2 76 -1 135 -1 55 -1 71 137 363 -1 76 -1 66 137 364 -1 53 156 -1 71 120 -1 68 102 -1 44 69 79 -1 68 162 -1 71 72 -1 38 53 102 -1 71 77 185 -1 53 -1 27 71 -1 53 55 338 -1 68 71 73 84 -1 41 53 118 141 -1 -2
43 71 145 -1 85 -1 182 -1 81 -1 17 -1 2 263 267 -1 13 -1 263 317 -1 114 -1 262 266 -1 4 150 167 -1 85 365 -1 -2
13 145 -1 1 16 -1 2 149 -1 366 -1 7 -1 7 -1 166 -1 165 -1 4 -1 4 100 -1 19 -1 4 11 -1 4 16 166 -1 4 176 -1 43 -1 4 167 -1 4 7 -1 4 -1 4 13 -1 4 17 27 -1 4 114 -1 367 -1 1 165 173 -1 4 145 150 -1 15 16 150 165 -1 7 16 145 166 -1 4 11 145 150 -1 13 165 -1 -2
17 -1 150 -1 2 121 -1 15 -1 121 -1 4 -1 13 42 -1 248 251 -1 40 -1 150 -1 174 -1 19 -1 40 44 -1 251 368 -1 51 -1 4 181 -1 40 54 -1 4 15 -1 40 51 -1 4 167 -1 44 124 -1 4 176 -1 37 40 174 344 -1 4 19 -1 -2
56 132 150 -1 2 35 -1 15 -1 26 -1 17 -1 25 28 -1 4 150 -1 5 189 -1 4 149 -1 28 63 -1 16 173 -1 28 -1 4 17 -1 28 32 63 -1 4 149 -1 25 28 -1 -2
4 19 -1 88 -1 273 -1 348 -1 9 -1 369 -1 6 222 -1 88 91 -1 225 -1 90 255 370 -1 9 26 164 -1 88 91 -1 43 -1 2 13 93 97 -1 212 224 -1 348 371 -1 210 220 372 -1 88 99 206 -1 9 10 75 -1 88 206 212 -1 2 9 217 230 -1 13 88 90 -1 9 205 210 -1 212 -1 9 187 -1 93 300 359 -1 9 100 276 -1 88 97 369 -1 27 103 -1 88 -1 -2
9 124 227 351 353 -1 36 -1 2 22 -1 52 -1 324 -1 38 -1 24 29 -1 44 -1 28 38 -1 53 107 -1 28 63 -1 27 -1 31 134 -1 57 -1 22 24 28 -1 41 53 162 -1 -2
5 63 145 -1 68 -1 7 -1 44 68 135 -1 16 145 -1 2 71 79 373 -1 165 -1 71 142 -1 19 -1 71 374 -1 4 166 -1 71 158 190 -1 4 13 -1 71 -1 4 43 -1 13 79 156 -1 4 7 11 -1 43 137 141 375 -1 -2
165 167 -1 145 -1 3 -1 7 -1 20 148 -1 4 177 -1 72 97 -1 11 -1 13 -1 4 177 -1 3 44 -1 4 366 -1 88 123 -1 4 150 -1 91 346 -1 4 11 -1 43 88 -1 165 342 -1 114 254 -1 4 7 13 -1 75 205 -1 -2
4 165 -1 2 69 -1 145 -1 79 -1 4 -1 68 73 -1 166 -1 71 135 137 -1 16 210 -1 157 185 194 -1 181 -1 120 137 324 -1 165 182 -1 43 -1 7 165 -1 22 163 -1 17 19 -1 -2
194 -1 2 70 -1 39 -1 78 -1 44 -1 67 -1 174 -1 74 -1 124 -1 78 81 -1 37 40 -1 314 -1 40 174 -1 70 75 -1 59 60 144 -1 43 317 -1 13 39 58 344 -1 78 350 -1 -2
40 42 54 56 132 -1 25 -1 2 150 -1 32 -1 145 -1 22 -1 1 4 -1 28 38 -1 -2
2 4 11 17 37 166 -1 88 -1 40 -1 90 -1 40 -1 300 376 -1 13 42 -1 206 255 -1 27 42 121 -1 13 -1 40 54 -1 72 75 97 300 -1 40 59 60 -1 88 91 96 -1 40 174 -1 91 97 264 -1 -2
1 56 132 -1 164 -1 15 -1 222 -1 2 166 -1 210 -1 149 150 -1 9 282 -1 165 -1 27 -1 11 -1 9 280 -1 4 16 173 -1 6 221 230 -1 43 -1 9 75 280 -1 165 166 -1 226 230 -1 4 145 149 -1 228 -1 -2
168 -1 272 -1 3 -1 20 -1 20 -1 2 14 38 -1 20 208 -1 5 10 -1 337 -1 205 -1 101 111 -1 12 18 -1 75 -1 43 -1 43 -1 9 20 279 -1 44 101 -1 -2
9 25 38 377 -1 2 121 -1 3 -1 39 -1 88 -1 44 -1 44 -1 37 -1 148 205 -1 51 -1 255 378 -1 13 121 -1 25 88 91 -1 54 59 234 -1 44 91 -1 -2
40 42 56 61 132 -1 66 -1 21 -1 2 66 310 313 -1 29 -1 77 79 -1 22 34 -1 120 -1 33 209 -1 22 -1 44 -1 312 -1 379 -1 71 -1 203 -1 13 311 -1 64 -1 129 311 -1 26 28 30 -1 44 -1 22 28 203 -1 44 71 -1 28 43 -1 71 137 185 310 -1 28 64 -1 310 -1 -2
28 380 -1 381 -1 89 -1 2 20 -1 101 244 -1 218 -1 152 382 -1 101 -1 101 -1 101 111 -1 95 101 -1 101 112 -1 101 154 -1 13 101 -1 -2
101 112 381 -1 1 -1 21 -1 2 149 -1 22 -1 4 16 -1 28 61 -1 4 145 -1 24 140 -1 4 -1 64 -1 342 -1 26 203 -1 176 -1 28 64 -1 17 75 -1 27 29 202 -1 16 164 -1 28 33 -1 367 -1 -2
63 -1 100 -1 20 -1 16 -1 88 148 -1 81 -1 44 -1 7 -1 75 -1 4 100 150 -1 206 254 -1 7 81 -1 13 123 -1 2 260 383 -1 72 88 91 -1 16 136 199 384 -1 -2
99 -1 2 22 -1 4 -1 71 -1 77 149 -1 312 -1 173 -1 71 313 -1 4 7 -1 71 309 -1 4 173 -1 66 71 379 -1 1 4 150 385 -1 71 79 120 -1 243 -1 79 378 -1 1 165 167 -1 43 71 -1 4 17 165 -1 71 185 386 -1 4 19 -1 13 86 -1 4 13 -1 71 185 309 310 313 387 -1 -2
4 7 17 19 388 -1 2 38 -1 21 -1 5 272 -1 20 -1 3 -1 44 -1 9 20 -1 26 33 -1 222 389 -1 203 -1 5 25 205 -1 61 65 140 202 -1 9 279 -1 30 -1 18 -1 27 -1 26 205 -1 43 237 -1 -2
9 377 -1 2 66 -1 53 -1 68 -1 41 -1 71 135 -1 102 -1 71 73 -1 11 -1 69 71 79 -1 171 -1 68 71 156 -1 169 390 -1 43 -1 102 116 -1 -2
158 159 194 -1 16 150 -1 128 332 -1 391 -1 116 -1 4 -1 41 268 -1 165 -1 41 53 -1 4 391 -1 81 92 155 179 332 -1 -2
4 392 -1 39 -1 2 142 -1 40 -1 85 -1 42 43 -1 67 257 -1 13 -1 70 267 -1 124 -1 393 -1 40 44 54 -1 43 -1 75 174 -1 67 70 83 257 -1 40 42 51 121 -1 27 78 394 -1 40 59 234 -1 78 365 -1 39 40 58 59 234 -1 78 85 -1 37 56 121 -1 78 394 -1 -2
40 56 132 -1 2 22 -1 22 122 -1 29 -1 71 128 -1 28 -1 34 71 81 122 -1 23 28 -1 71 126 -1 28 38 233 -1 323 -1 64 -1 120 127 128 -1 21 30 -1 71 125 -1 -2
28 -1 9 100 -1 2 81 -1 9 -1 22 -1 12 126 -1 122 -1 103 -1 260 -1 9 164 -1 120 122 -1 9 273 395 -1 125 -1 124 -1 22 71 128 -1 217 222 -1 71 86 277 -1 6 -1 79 129 130 -1 9 10 212 224 -1 71 127 128 -1 26 -1 71 323 -1 227 -1 71 72 396 -1 9 205 -1 120 124 -1 276 351 -1 86 187 -1 27 225 -1 -2
71 75 78 -1 70 -1 80 -1 81 262 -1 78 85 -1 85 259 -1 78 81 -1 81 257 -1 78 85 -1 70 74 -1 397 -1 78 -1 74 80 -1 78 261 -1 398 -1 78 259 267 317 -1 78 124 -1 78 124 267 -1 75 267 350 -1 74 78 261 -1 78 -1 78 260 -1 201 257 -1 -2
78 257 262 263 265 266 317 -1 52 -1 2 145 -1 53 -1 1 16 -1 53 258 -1 149 -1 162 -1 4 177 -1 44 52 -1 1 166 -1 46 -1 -2
4 47 50 167 324 -1 280 -1 22 -1 9 -1 20 -1 210 -1 24 29 -1 212 -1 28 134 -1 223 226 -1 -2
2 28 30 35 -1 146 -1 20 -1 2 91 -1 31 -1 206 255 -1 29 -1 44 -1 22 134 -1 88 264 -1 28 -1 13 -1 28 134 -1 93 -1 24 -1 88 264 -1 -2
26 28 30 -1 40 -1 38 -1 121 -1 23 -1 40 -1 29 -1 174 -1 26 33 -1 40 54 -1 2 43 -1 37 54 -1 28 29 35 -1 40 51 -1 -2
22 28 30 63 -1 3 -1 122 -1 9 272 -1 120 -1 5 -1 126 -1 2 10 -1 120 123 -1 44 -1 127 128 -1 26 44 -1 323 -1 9 389 -1 86 127 130 -1 9 279 -1 71 122 -1 279 -1 71 81 128 323 -1 228 377 -1 71 212 -1 10 43 -1 213 -1 5 205 -1 -2
69 72 79 86 130 135 -1 366 -1 158 -1 4 -1 66 71 73 -1 75 -1 71 79 -1 399 -1 71 84 -1 165 343 -1 2 129 141 -1 -2
4 181 -1 100 -1 2 44 78 -1 16 17 -1 70 317 -1 13 -1 70 78 -1 19 -1 78 400 -1 4 17 -1 43 -1 4 176 -1 78 400 -1 4 100 166 -1 74 78 263 -1 11 13 -1 257 261 262 266 -1 166 176 -1 -2
81 -1 324 -1 38 -1 32 -1 71 -1 31 -1 71 -1 20 22 -1 79 185 -1 24 28 30 -1 71 120 310 -1 23 134 -1 71 79 137 195 -1 28 -1 13 71 -1 -2
29 150 -1 47 -1 145 -1 2 41 -1 4 -1 52 319 -1 4 145 -1 5 160 -1 165 -1 5 47 52 53 -1 149 -1 46 -1 1 49 50 176 -1 41 107 401 -1 4 11 150 -1 36 53 102 -1 4 16 166 -1 53 118 -1 168 -1 53 402 -1 1 4 7 332 -1 50 160 403 -1 4 15 17 -1 118 403 -1 4 7 13 -1 44 53 107 404 -1 13 165 -1 26 53 -1 4 16 43 -1 53 108 -1 4 114 -1 -2
46 53 175 -1 100 -1 37 -1 -2
2 17 20 -1 156 -1 33 -1 73 312 -1 29 -1 137 156 -1 21 34 -1 44 405 -1 38 63 -1 71 406 -1 27 -1 76 84 -1 43 -1 71 79 86 -1 28 203 -1 69 71 -1 28 64 -1 71 79 135 190 -1 22 28 33 35 -1 -2
47 71 -1 85 -1 53 -1 81 -1 156 -1 80 -1 98 -1 74 -1 38 53 -1 262 266 317 -1 26 118 -1 78 259 261 -1 102 116 -1 124 259 -1 57 -1 70 260 261 267 317 -1 172 -1 -2
61 257 263 265 -1 2 20 -1 20 -1 38 -1 35 407 -1 55 -1 140 -1 44 -1 21 23 -1 41 48 50 107 -1 63 65 -1 53 118 -1 -2
24 28 34 -1 47 -1 66 -1 52 -1 135 -1 38 -1 2 185 -1 41 -1 86 -1 102 -1 71 72 -1 20 53 107 -1 69 84 -1 53 162 -1 43 -1 102 162 -1 -2
2 20 71 79 86 -1 88 -1 208 -1 206 255 -1 20 112 -1 88 -1 44 -1 346 -1 75 -1 75 -1 105 -1 75 408 -1 -2
119 242 -1 25 -1 69 -1 32 -1 135 -1 189 -1 66 71 -1 20 24 -1 2 71 185 -1 26 28 -1 71 76 -1 5 28 258 -1 44 71 -1 25 28 -1 71 77 -1 -2
28 29 202 -1 66 137 409 -1 2 136 -1 137 -1 88 -1 86 -1 293 298 -1 158 410 -1 72 255 293 294 -1 68 84 -1 301 -1 43 -1 97 136 -1 73 79 410 -1 224 255 293 298 -1 -2
79 86 -1 2 38 -1 22 -1 5 -1 29 33 -1 23 -1 34 38 -1 25 189 -1 27 -1 28 189 -1 28 -1 63 134 202 -1 -2
2 21 30 87 152 246 -1 89 -1 268 -1 41 -1 153 -1 246 268 -1 55 -1 -2
55 244 -1 66 -1 258 -1 310 313 -1 26 -1 71 -1 2 26 38 -1 411 -1 38 53 -1 79 185 -1 102 -1 120 310 -1 53 -1 71 77 -1 43 -1 71 86 313 -1 5 31 118 -1 71 311 -1 25 53 98 -1 22 125 -1 53 -1 71 -1 53 412 -1 66 71 312 -1 31 53 258 -1 13 71 -1 -2
5 402 -1 150 -1 35 -1 2 7 -1 22 25 -1 149 -1 29 -1 1 4 24 -1 23 28 -1 11 -1 28 29 -1 4 149 -1 25 26 30 -1 4 75 -1 -2
28 32 272 -1 15 -1 20 -1 136 -1 2 3 273 -1 4 150 251 -1 205 -1 -2
2 9 165 -1 37 -1 9 -1 45 -1 224 -1 40 121 -1 210 -1 39 45 -1 6 280 282 -1 43 -1 124 -1 40 54 -1 210 230 -1 40 144 -1 9 75 -1 39 40 44 58 -1 9 223 282 413 -1 40 59 132 -1 205 222 223 -1 -2
13 42 51 -1 2 37 -1 79 -1 40 -1 22 -1 45 -1 66 137 -1 40 121 -1 71 414 -1 40 77 221 -1 13 193 -1 124 -1 44 71 -1 51 -1 129 311 -1 13 54 59 234 -1 71 86 313 334 -1 -2
56 -1 18 -1 39 -1 2 3 272 -1 39 121 -1 389 -1 174 -1 9 18 -1 43 -1 6 12 -1 13 37 -1 12 282 -1 40 174 -1 8 9 205 -1 40 124 -1 43 415 -1 56 132 221 -1 9 114 -1 -2
40 56 132 -1 20 52 -1 9 -1 47 53 -1 6 26 -1 20 53 -1 12 -1 27 -1 217 -1 46 -1 10 47 49 50 221 -1 36 48 118 -1 2 75 273 416 -1 57 -1 8 9 223 -1 38 46 -1 50 103 230 -1 53 -1 9 27 224 -1 43 53 -1 9 220 225 -1 53 102 -1 43 -1 -2
53 107 162 380 -1 40 -1 208 -1 39 -1 380 417 -1 174 -1 101 418 -1 37 44 -1 101 218 -1 45 54 -1 2 419 -1 40 51 325 -1 38 420 -1 -2
40 59 132 234 -1 272 -1 2 72 -1 3 -1 22 -1 10 -1 122 -1 5 272 -1 126 -1 9 -1 79 277 -1 9 38 -1 71 122 -1 18 -1 323 -1 43 -1 128 396 -1 8 279 -1 71 123 -1 287 -1 71 120 126 127 128 -1 3 226 377 -1 130 213 -1 20 205 -1 22 71 124 -1 205 377 -1 71 131 187 -1 9 10 281 -1 -2
79 86 129 130 -1 47 -1 20 -1 107 -1 133 -1 2 44 -1 337 -1 162 -1 101 113 -1 44 52 -1 105 -1 102 107 -1 101 208 -1 53 102 -1 101 103 112 -1 57 -1 113 217 -1 26 43 -1 44 101 111 -1 46 -1 47 48 49 50 -1 53 -1 3 101 112 208 -1 41 53 -1 101 -1 50 53 55 -1 3 101 105 -1 38 53 -1 -2
2 22 119 -1 88 -1 21 -1 255 -1 34 -1 206 -1 21 -1 136 -1 140 -1 206 298 -1 29 33 -1 88 136 421 -1 27 422 -1 88 -1 35 203 -1 88 301 -1 -2
20 27 422 -1 2 78 -1 20 -1 78 -1 101 -1 81 -1 44 -1 26 78 -1 217 -1 27 -1 105 -1 74 423 -1 44 101 -1 257 266 317 -1 -2
20 22 27 105 140 -1 150 -1 1 -1 145 -1 2 15 16 -1 4 -1 4 150 -1 166 -1 4 145 -1 11 -1 11 -1 7 -1 165 -1 149 166 -1 7 166 -1 4 17 -1 4 17 -1 4 240 -1 4 145 150 167 -1 13 -1 4 13 -1 4 145 176 -1 -2
4 19 25 32 -1 2 41 -1 23 -1 48 53 -1 28 32 -1 162 -1 -2
20 30 -1 88 -1 88 -1 91 -1 88 -1 44 -1 225 -1 90 255 -1 13 -1 124 -1 91 97 -1 376 -1 2 90 293 294 300 -1 44 93 184 206 300 -1 72 93 97 293 300 -1 88 97 255 294 370 -1 99 136 293 298 -1 13 88 90 99 -1 136 301 -1 97 212 264 424 -1 136 301 -1 88 93 184 370 424 -1 88 91 212 255 -1 370 425 -1 -2
90 150 251 293 294 298 368 -1 108 268 -1 -2
250 368 -1 310 311 -1 2 10 -1 66 137 420 426 -1 220 -1 -2
25 185 -1 2 20 -1 5 272 -1 21 -1 14 -1 63 202 -1 10 -1 23 -1 205 372 -1 26 29 -1 8 9 -1 28 140 -1 9 20 -1 44 63 -1 5 9 14 258 -1 27 33 -1 -2
258 -1 69 -1 150 -1 135 -1 4 -1 77 -1 232 -1 137 296 -1 16 68 69 -1 71 72 -1 248 251 -1 163 -1 136 167 -1 71 76 137 375 -1 2 176 182 -1 129 286 -1 4 15 150 251 -1 -2
2 21 79 86 286 -1 222 -1 38 -1 9 -1 29 -1 9 -1 22 28 -1 75 -1 -2
26 30 73 -1 40 -1 22 -1 121 -1 77 -1 42 124 -1 68 79 -1 39 59 -1 73 84 120 -1 54 321 -1 2 129 329 -1 40 75 -1 -2
2 3 86 -1 310 -1 20 255 -1 137 427 -1 254 -1 71 137 428 -1 44 -1 13 -1 13 -1 13 -1 -2
97 205 -1 380 -1 20 -1 214 -1 208 242 -1 345 -1 101 -1 111 -1 75 -1 429 -1 217 -1 430 -1 3 101 113 -1 2 101 111 418 -1 101 205 -1 345 431 -1 101 109 -1 212 430 -1 101 114 115 -1 101 -1 -2
119 -1 50 -1 2 135 -1 107 -1 135 -1 47 53 -1 66 137 -1 38 53 -1 71 79 -1 41 53 -1 71 374 -1 53 98 -1 27 73 -1 53 75 -1 125 -1 43 48 -1 69 76 120 329 -1 432 -1 -2
37 71 79 86 194 -1 9 -1 39 40 -1 2 210 -1 40 59 60 -1 9 273 -1 51 -1 75 -1 40 44 -1 26 226 -1 144 -1 44 223 -1 -2
42 56 174 -1 66 -1 69 -1 25 313 -1 135 -1 127 -1 2 71 79 -1 71 -1 44 -1 22 134 -1 84 126 137 -1 123 293 -1 71 77 433 -1 66 86 434 -1 -2
1 27 71 73 -1 85 -1 4 -1 44 263 -1 4 -1 74 -1 2 19 -1 70 78 400 -1 1 16 166 -1 43 262 -1 100 181 -1 70 78 261 -1 4 -1 78 257 266 -1 4 100 176 -1 78 257 262 266 317 -1 17 150 165 -1 78 267 -1 201 -1 78 259 -1 -2
4 68 145 -1 85 -1 76 -1 78 -1 13 137 -1 44 -1 66 84 -1 2 314 317 -1 163 -1 67 85 317 -1 22 27 -1 104 -1 -2
77 86 -1 25 -1 2 42 44 -1 28 -1 37 -1 29 -1 40 -1 20 28 -1 44 -1 24 28 -1 27 -1 28 -1 40 54 -1 -2
23 35 38 380 -1 20 -1 420 -1 113 -1 2 151 214 -1 3 20 337 -1 112 381 435 -1 111 115 -1 101 417 -1 101 -1 419 -1 -2
119 -1 2 16 150 -1 37 -1 145 -1 42 59 121 234 -1 4 -1 40 -1 1 4 -1 37 40 -1 11 -1 13 -1 4 -1 42 44 75 -1 4 165 -1 51 -1 165 167 -1 13 45 -1 19 177 -1 40 54 121 -1 4 166 -1 44 174 -1 4 7 342 -1 39 40 58 174 -1 201 -1 40 51 -1 4 17 436 -1 40 45 221 -1 4 177 -1 54 124 -1 4 145 328 437 -1 39 40 58 59 60 -1 4 7 150 327 -1 40 56 -1 4 13 16 -1 -2
56 132 -1 52 -1 68 -1 2 38 50 -1 44 68 -1 47 53 -1 71 159 -1 102 -1 69 158 438 -1 75 -1 163 -1 46 -1 -2
47 50 73 79 86 -1 20 42 178 -1 3 -1 121 -1 2 44 -1 439 -1 3 112 -1 203 -1 217 -1 40 54 -1 101 112 208 -1 59 344 -1 75 101 -1 40 440 -1 101 103 -1 40 62 -1 -2
111 115 205 -1 2 37 -1 267 -1 39 -1 83 -1 44 -1 85 259 -1 59 -1 78 80 -1 40 44 -1 78 81 -1 144 -1 74 261 317 -1 40 -1 78 124 -1 441 -1 -2
69 257 263 265 266 -1 2 21 -1 68 -1 28 -1 44 -1 29 -1 66 76 -1 23 -1 135 137 406 -1 75 -1 22 71 79 -1 -2
22 30 -1 22 -1 2 67 -1 76 77 -1 78 -1 69 137 394 -1 74 -1 27 -1 306 -1 163 -1 27 317 -1 66 71 -1 82 350 -1 73 84 137 380 -1 78 314 -1 68 71 -1 257 398 -1 71 73 -1 78 104 442 -1 72 125 329 -1 114 442 -1 71 141 185 -1 81 85 442 -1 129 190 286 -1 80 321 442 -1 71 86 -1 213 395 -1 86 135 -1 43 442 -1 71 79 86 -1 75 442 -1 71 86 -1 259 442 -1 -2
79 86 324 -1 3 -1 22 -1 101 -1 29 -1 44 -1 23 25 -1 443 -1 -2
2 24 30 63 -1 40 -1 21 -1 45 -1 23 -1 45 -1 44 -1 59 -1 2 29 63 -1 444 -1 23 28 61 -1 144 -1 28 34 -1 43 -1 -2
1 28 35 -1 107 -1 1 -1 48 156 -1 2 4 150 -1 44 -1 4 182 -1 38 49 53 -1 165 -1 53 118 -1 11 100 -1 53 107 -1 44 145 -1 26 53 102 -1 4 13 16 -1 57 -1 4 100 181 -1 46 179 -1 4 47 50 52 176 182 -1 53 -1 4 145 445 -1 53 55 -1 4 11 -1 53 118 -1 4 166 -1 50 53 160 179 -1 4 57 -1 46 53 156 -1 -2
69 176 326 -1 9 -1 135 -1 222 -1 73 137 -1 12 -1 66 158 -1 103 -1 69 71 79 -1 217 -1 71 446 -1 164 223 226 -1 2 129 157 -1 9 75 -1 -2
9 86 100 -1 9 -1 273 -1 10 -1 12 -1 226 -1 217 -1 221 273 -1 9 220 -1 9 210 -1 9 27 -1 75 415 -1 6 9 223 -1 9 114 -1 225 230 -1 217 225 -1 9 221 222 -1 2 9 12 103 -1 8 26 78 87 -1 9 -1 124 205 -1 212 230 -1 228 229 -1 9 124 -1 43 224 -1 222 224 276 321 -1 75 226 229 -1 27 100 187 -1 103 229 -1 9 43 -1 10 229 -1 -2
26 66 228 -1 66 -1 100 137 -1 135 -1 71 -1 73 135 -1 71 310 -1 44 -1 71 192 -1 69 71 157 -1 124 -1 2 43 -1 43 -1 27 71 -1 447 -1 71 76 86 137 -1 44 71 86 313 -1 79 129 -1 -2
71 75 -1 273 -1 3 -1 9 -1 2 179 -1 225 -1 52 180 -1 75 -1 26 53 -1 6 8 230 -1 27 -1 43 -1 43 -1 8 210 321 -1 41 102 -1 9 205 224 -1 46 -1 47 50 -1 52 53 -1 9 276 -1 3 41 47 160 -1 187 226 -1 53 55 162 -1 9 114 -1 53 98 -1 9 12 220 -1 50 53 -1 -2
9 27 -1 137 -1 68 -1 448 -1 2 88 142 255 -1 77 -1 269 -1 44 -1 156 206 255 -1 79 185 -1 88 93 271 -1 13 449 -1 44 88 -1 -2
71 137 313 -1 150 -1 40 -1 4 -1 40 -1 2 173 -1 40 178 -1 4 16 -1 59 -1 75 -1 124 -1 4 16 167 -1 27 45 -1 4 7 -1 40 42 62 75 -1 11 167 -1 40 54 -1 4 43 -1 59 75 -1 1 4 173 -1 40 51 -1 -2
4 11 17 20 44 101 103 337 -1 2 3 9 14 258 -1 205 242 -1 8 9 20 -1 -2
1 112 -1 20 -1 145 -1 32 -1 149 -1 23 -1 166 -1 23 38 -1 165 -1 64 -1 4 7 -1 27 28 -1 4 166 -1 5 30 63 -1 4 165 -1 20 28 134 -1 4 176 -1 28 -1 -2
4 19 100 -1 40 -1 145 -1 40 -1 2 173 -1 44 -1 17 150 -1 54 -1 4 145 -1 40 44 -1 4 166 -1 121 450 -1 13 182 -1 40 174 -1 16 176 -1 40 51 -1 1 166 167 -1 114 316 -1 4 19 177 -1 -2
54 56 -1 2 66 73 -1 53 -1 68 -1 31 -1 71 135 -1 102 -1 76 -1 38 146 -1 79 135 -1 20 162 -1 163 -1 5 20 87 160 -1 -2
86 194 329 -1 2 20 -1 39 -1 20 -1 44 -1 38 -1 54 -1 53 -1 13 -1 171 -1 51 -1 46 -1 -2
42 47 50 56 132 -1 100 -1 88 -1 107 -1 -2
43 44 72 75 88 254 -1 2 53 100 -1 88 -1 41 -1 225 -1 53 -1 88 91 -1 75 -1 136 184 -1 53 98 -1 97 255 293 298 -1 102 116 -1 52 97 293 294 -1 315 -1 99 136 293 298 -1 102 118 -1 13 212 255 -1 43 53 -1 88 90 93 116 -1 53 118 316 -1 293 300 301 -1 53 57 -1 -2
22 212 293 294 300 -1 22 -1 22 -1 185 -1 21 34 65 77 -1 2 66 120 -1 30 33 38 -1 13 -1 64 -1 77 120 310 311 -1 61 64 -1 43 -1 63 140 -1 71 79 185 313 -1 28 43 -1 -2
86 -1 73 -1 2 33 -1 137 155 -1 25 -1 71 -1 31 -1 141 185 -1 26 28 -1 68 71 135 -1 20 29 -1 44 71 -1 23 -1 71 76 -1 28 38 134 -1 79 129 -1 -2
25 31 32 35 -1 2 69 73 -1 107 -1 135 -1 41 -1 76 -1 118 -1 68 71 73 -1 53 -1 66 71 -1 46 -1 48 49 50 71 86 -1 46 -1 43 -1 36 118 160 -1 129 286 -1 -2
20 41 150 162 182 -1 9 -1 251 368 -1 2 210 -1 17 -1 9 273 -1 4 232 -1 27 -1 114 -1 227 451 -1 16 114 -1 220 226 -1 7 16 150 -1 9 114 -1 4 181 -1 212 223 351 -1 4 182 221 -1 217 230 -1 4 248 374 -1 -2
9 20 163 187 353 -1 37 -1 -2
13 100 205 254 255 -1 100 -1 4 -1 2 6 273 -1 145 -1 273 452 -1 145 177 -1 9 222 -1 13 -1 75 -1 181 -1 124 -1 167 173 -1 9 372 -1 4 166 -1 275 -1 201 -1 -2
26 236 -1 2 22 -1 107 -1 28 -1 41 -1 33 63 -1 44 -1 140 -1 44 47 -1 23 34 -1 46 -1 47 50 52 64 -1 41 53 258 -1 -2
30 -1 2 123 -1 9 -1 3 -1 10 -1 97 255 -1 9 -1 88 90 -1 27 -1 27 -1 164 223 -1 72 91 -1 100 187 -1 3 97 254 255 -1 12 210 -1 205 300 376 -1 9 75 -1 20 44 254 -1 9 114 -1 20 376 -1 6 43 222 -1 88 93 264 -1 212 224 -1 88 93 264 -1 124 225 -1 44 75 -1 217 276 -1 88 90 205 -1 220 228 -1 -2
91 300 -1 152 -1 2 89 152 -1 89 -1 268 -1 41 -1 95 -1 98 -1 53 95 -1 53 94 -1 118 -1 89 155 -1 -2
89 153 246 -1 37 -1 2 67 -1 13 42 -1 81 -1 37 40 -1 70 85 -1 124 -1 70 267 317 -1 40 174 -1 104 -1 51 -1 75 442 -1 44 59 60 -1 114 442 -1 54 59 60 121 -1 75 80 -1 40 51 -1 67 198 -1 40 44 221 -1 43 317 442 -1 40 45 54 -1 74 81 442 -1 -2
39 40 56 58 66 -1 2 37 -1 137 -1 39 175 -1 68 73 316 -1 39 40 -1 69 71 -1 124 -1 120 135 -1 144 -1 79 84 -1 40 45 59 -1 -2
125 -1 258 -1 1 -1 20 -1 145 -1 108 -1 1 182 -1 5 160 -1 173 -1 25 102 -1 4 142 -1 26 53 404 -1 19 -1 41 53 402 -1 4 166 -1 38 53 -1 4 16 150 182 -1 53 134 -1 4 16 165 -1 53 -1 4 7 -1 5 26 31 53 -1 4 11 17 -1 -2
31 53 453 -1 164 -1 366 -1 9 -1 2 316 -1 210 -1 4 196 -1 6 225 -1 150 197 -1 -2
124 -1 100 -1 20 -1 20 -1 208 -1 91 -1 101 -1 88 90 100 -1 75 -1 44 148 -1 105 -1 3 5 -1 109 -1 5 88 -1 114 117 -1 315 -1 112 205 337 -1 2 75 346 -1 101 133 -1 -2
88 454 -1 2 37 -1 53 -1 45 -1 53 395 -1 37 40 -1 41 -1 54 -1 75 -1 40 59 60 -1 107 118 -1 40 44 -1 27 53 -1 40 44 -1 53 109 -1 -2
40 132 150 -1 3 -1 182 -1 112 123 -1 2 44 -1 31 -1 4 100 -1 205 -1 248 251 -1 216 218 -1 4 248 -1 38 218 -1 -2
4 75 251 -1 2 47 50 -1 22 -1 107 -1 23 33 -1 36 38 -1 -2
22 35 -1 101 -1 120 -1 2 166 455 -1 71 126 -1 101 -1 71 81 -1 11 -1 127 128 -1 113 455 -1 123 396 -1 43 -1 71 323 -1 101 166 -1 71 81 122 -1 201 -1 127 129 -1 101 111 113 -1 213 -1 112 151 243 -1 -2
72 79 86 -1 3 -1 88 -1 20 25 -1 206 255 -1 25 97 -1 2 75 -1 5 44 255 -1 123 254 -1 88 -1 3 205 -1 5 88 148 -1 13 97 -1 20 88 -1 3 88 206 -1 88 205 -1 -2
28 88 205 -1 4 -1 134 -1 166 -1 26 28 -1 4 16 343 -1 28 31 -1 19 -1 24 29 324 -1 4 13 -1 22 28 63 -1 165 -1 24 -1 4 -1 -2
23 28 63 69 -1 25 -1 66 -1 38 -1 120 -1 2 44 -1 68 69 -1 23 61 -1 86 -1 28 238 -1 27 -1 27 -1 43 -1 25 75 -1 71 79 84 -1 43 -1 79 129 -1 -2
38 61 63 65 -1 66 -1 35 -1 22 -1 23 -1 77 137 279 -1 34 61 -1 71 72 -1 75 -1 27 -1 357 -1 2 43 -1 33 44 -1 71 84 -1 28 64 -1 44 71 73 -1 20 26 28 30 -1 79 125 -1 28 29 -1 79 129 286 -1 -2
456 -1 16 150 -1 4 -1 145 -1 251 368 -1 17 -1 2 136 366 -1 16 173 -1 4 136 -1 4 166 -1 104 -1 4 11 -1 176 -1 4 166 -1 19 249 -1 4 165 -1 16 248 249 250 -1 -2
19 177 182 -1 258 -1 9 -1 2 38 258 -1 222 -1 107 -1 225 -1 44 -1 9 273 -1 52 160 -1 124 -1 46 -1 8 10 26 47 49 50 230 -1 38 41 48 50 -1 6 9 27 -1 20 102 -1 228 -1 168 -1 114 164 276 -1 6 27 162 -1 212 217 229 -1 41 107 116 -1 226 229 -1 -2