( 1 ), ( 2 3 ), ( 4 4 ), ( 5 6 ), ( 7 ), ( 8 9 ), ( 7 ), ( 10 ), ( 11 ), ( 12 ), ( 13 ), ( 5 6 9 14 ), ( 15 16 17 ), ( 9 10 18 )
( 19 4 4 ), ( 2 20 ), ( 21 ), ( 22 ), ( 23 ), ( 24 25 ), ( 26 20 ), ( 20 26 ), ( 27 ), ( 28 ), ( 29 22 ), ( 30 28 ), ( 22 28 29 ), ( 31 32 ), ( 33 34 ), ( 28 )
( 35 ), ( 36 ), ( 37 ), ( 38 ), ( 39 40 ), ( 41 ), ( 42 43 ), ( 44 ), ( 13 42 45 ), ( 2 46 ), ( 47 48 49 50 51 ), ( 52 41 53 ), ( 54 54 ), ( 47 50 53 55 ), ( 40 56 ), ( 57 )
( 39 58 59 60 40 61 ), ( 36 2 50 ), ( 20 ), ( 20 ), ( 23 ), ( 41 ), ( 62 ), ( 44 ), ( 38 63 ), ( 47 26 53 ), ( 64 ), ( 46 )
( 48 47 49 50 65 29 35 66 22 ), ( 2 67 ), ( 68 69 ), ( 70 ), ( 71 71 72 73 ), ( 74 ), ( 68 71 71 ), ( 75 ), ( 76 71 77 ), ( 74 78 ), ( 79 71 ), ( 80 81 ), ( 71 71 27 66 ), ( 82 83 ), ( 44 84 ), ( 80 26 78 85 )
( 71 71 86 86 87 ), ( 2 88 ), ( 89 ), ( 90 ), ( 41 ), ( 91 ), ( 92 ), ( 93 88 ), ( 94 95 ), ( 96 97 ), ( 98 71 71 ), ( 91 99 ), ( 98 71 71 )
( 13 88 100 ), ( 20 ), ( 26 ), ( 101 ), ( 53 ), ( 44 ), ( 102 ), ( 103 ), ( 2 104 ), ( 105 ), ( 106 107 108 ), ( 109 ), ( 106 110 ), ( 101 111 3 ), ( 43 ), ( 101 112 113 ), ( 57 ), ( 114 115 101 ), ( 38 41 116 106 ), ( 117 101 75 ), ( 118 106 )
( 119 ), ( 2 39 ), ( 22 ), ( 45 ), ( 120 ), ( 39 121 ), ( 122 123 71 71 ), ( 37 40 ), ( 79 71 71 ), ( 124 40 ), ( 124 ), ( 13 75 ), ( 72 125 ), ( 40 43 ), ( 81 71 71 126 ), ( 62 40 ), ( 127 128 122 ), ( 40 ), ( 129 79 130 131 ), ( 56 132 ), ( 86 86 71 71 )
( 13 25 ), ( 20 ), ( 32 ), ( 133 ), ( 33 ), ( 44 ), ( 134 ), ( 101 111 ), ( 33 22 2 26 ), ( 44 24 ), ( 26 28 68 ), ( 43 ), ( 69 28 ), ( 105 101 )
( 24 69 28 ), ( 2 22 ), ( 26 ), ( 135 ), ( 23 ), ( 76 ), ( 136 ), ( 137 137 138 ), ( 75 ), ( 139 71 71 ), ( 64 ), ( 73 84 ), ( 20 140 ), ( 71 71 120 73 ), ( 35 22 34 28 ), ( 27 77 ), ( 34 28 ), ( 129 141 69 ), ( 136 28 )
( 27 73 86 86 71 71 ), ( 100 ), ( 42 44 ), ( 38 ), ( 121 121 ), ( 142 ), ( 40 ), ( 41 ), ( 13 ), ( 102 100 ), ( 39 40 ), ( 143 53 ), ( 40 ), ( 47 107 53 ), ( 13 40 42 54 ), ( 44 53 ), ( 40 59 60 ), ( 41 53 ), ( 144 40 ), ( 98 53 )
( 56 132 ), ( 25 ), ( 2 145 ), ( 88 ), ( 4 4 ), ( 146 147 ), ( 15 16 ), ( 148 147 ), ( 149 150 ), ( 88 ), ( 11 ), ( 44 97 ), ( 11 ), ( 146 88 )
( 4 4 7 87 95 ), ( 70 ), ( 89 112 ), ( 2 74 ), ( 9 151 ), ( 80 ), ( 152 153 ), ( 81 78 )
( 154 155 69 ), ( 36 ), ( 68 73 ), ( 20 ), ( 156 71 71 ), ( 36 26 2 50 ), ( 71 71 66 157 ), ( 41 50 ), ( 71 71 158 ), ( 75 ), ( 68 159 156 ), ( 47 160 53 ), ( 71 71 135 69 ), ( 44 47 53 ), ( 137 161 71 71 ), ( 53 ), ( 44 71 71 ), ( 52 53 102 ), ( 71 71 79 ), ( 162 53 ), ( 71 71 129 ), ( 55 53 ), ( 163 71 71 )
( 46 53 100 ), ( 145 ), ( 26 ), ( 149 ), ( 116 ), ( 16 150 4 4 ), ( 164 53 ), ( 165 ), ( 107 53 ), ( 11 ), ( 116 53 ), ( 150 165 ), ( 75 53 ), ( 4 4 166 ), ( 43 ), ( 167 4 4 7 ), ( 108 118 53 ), ( 1 168 ), ( 108 27 53 ), ( 13 145 4 4 ), ( 98 53 ), ( 169 170 ), ( 41 53 171 ), ( 15 167 4 4 ), ( 172 53 ), ( 166 173 4 ), ( 75 53 2 118 )
( 17 11 4 4 ), ( 25 ), ( 1 ), ( 38 ), ( 145 ), ( 45 ), ( 149 ), ( 25 40 ), ( 16 7 ), ( 174 ), ( 11 ), ( 54 40 ), ( 166 4 4 ), ( 44 40 ), ( 7 4 4 ), ( 56 42 132 ), ( 1 16 165 ), ( 45 40 ), ( 149 17 4 4 ), ( 175 40 ), ( 4 4 11 ), ( 59 40 ), ( 176 4 ), ( 40 ), ( 4 4 177 ), ( 38 27 40 ), ( 167 4 ), ( 178 40 ), ( 43 4 ), ( 37 40 ), ( 19 4 )
( 40 54 2 107 ), ( 22 ), ( 107 ), ( 31 ), ( 36 50 47 ), ( 24 26 28 ), ( 41 36 ), ( 24 28 ), ( 44 ), ( 134 32 ), ( 20 53 ), ( 20 20 28 ), ( 160 )
( 31 28 35 ), ( 50 ), ( 100 2 100 ), ( 20 ), ( 145 ), ( 41 ), ( 150 4 4 ), ( 38 20 ), ( 4 16 1 ), ( 179 47 ), ( 166 ), ( 3 41 ), ( 13 16 ), ( 180 53 ), ( 1 13 ), ( 46 ), ( 48 47 52 50 ), ( 53 ), ( 167 165 ), ( 38 53 ), ( 176 150 4 4 ), ( 27 53 ), ( 4 4 17 ), ( 57 53 ), ( 181 17 ), ( 46 53 )
( 4 176 182 ), ( 37 ), ( 145 ), ( 121 40 ), ( 2 166 ), ( 121 175 40 ), ( 166 ), ( 59 40 ), ( 11 ), ( 124 ), ( 13 1 ), ( 13 40 ), ( 150 4 4 149 ), ( 56 132 ), ( 13 16 1 ), ( 59 54 ), ( 19 60 4 4 ), ( 13 54 ), ( 168 42 7 ), ( 51 42 75 )
( 15 16 183 4 4 145 71 71 ), ( 88 ), ( 135 ), ( 2 44 ), ( 44 ), ( 96 ), ( 84 ), ( 184 88 ), ( 185 120 ), ( 186 ), ( 27 68 )
( 187 25 ), ( 2 40 ), ( 28 ), ( 42 44 ), ( 29 ), ( 45 ), ( 24 28 ), ( 39 40 ), ( 38 25 28 ), ( 174 ), ( 26 188 28 5 ), ( 75 40 ), ( 23 189 ), ( 54 40 ), ( 34 28 )
( 40 43 69 ), ( 66 ), ( 135 ), ( 71 71 ), ( 73 72 ), ( 79 2 71 71 ), ( 71 71 ), ( 22 22 ), ( 185 190 77 ), ( 137 120 ), ( 137 191 76 ), ( 139 71 71 ), ( 43 ), ( 125 ), ( 163 71 ), ( 75 192 ), ( 44 69 71 71 ), ( 13 193 193 79 )
( 129 190 194 2 20 ), ( 195 ), ( 33 ), ( 17 ), ( 30 ), ( 15 4 4 ), ( 140 ), ( 75 ), ( 38 21 ), ( 165 150 ), ( 64 ), ( 176 196 ), ( 43 ), ( 167 197 ), ( 27 22 ), ( 198 4 ), ( 33 44 28 34 ), ( 4 ), ( 28 ), ( 196 4 ), ( 23 28 ), ( 16 199 4 ), ( 21 28 ), ( 200 165 4 ), ( 61 28 ), ( 201 ), ( 65 202 203 28 ), ( 150 4 4 16 75 )
( 204 63 26 ), ( 2 22 ), ( 3 ), ( 38 ), ( 20 148 ), ( 29 ), ( 205 24 ), ( 25 28 ), ( 44 ), ( 24 28 ), ( 114 ), ( 26 35 28 )
( 205 206 66 135 ), ( 2 120 ), ( 72 ), ( 122 ), ( 66 79 ), ( 207 71 71 ), ( 68 71 71 ), ( 128 127 ), ( 77 71 ), ( 22 126 ), ( 163 ), ( 124 ), ( 122 76 71 ), ( 207 71 71 ), ( 84 71 ), ( 120 22 71 71 ), ( 86 44 71 71 )
( 128 127 71 71 22 ), ( 3 ), ( 122 ), ( 133 2 112 126 ), ( 22 71 71 ), ( 208 209 101 ), ( 210 ), ( 103 ), ( 210 71 71 ), ( 208 44 ), ( 125 ), ( 43 ), ( 211 149 ), ( 114 115 ), ( 210 13 ), ( 205 ), ( 79 71 71 124 ), ( 113 109 ), ( 211 212 71 71 ), ( 105 101 ), ( 125 71 71 ), ( 75 44 ), ( 212 13 79 ), ( 105 101 ), ( 11 71 71 ), ( 75 101 ), ( 213 )
( 119 ), ( 2 214 ), ( 20 ), ( 100 ), ( 101 ), ( 101 ), ( 44 ), ( 215 ), ( 111 208 ), ( 111 101 ), ( 101 ), ( 216 100 ), ( 20 75 ), ( 105 ), ( 113 217 ), ( 218 20 101 ), ( 111 114 ), ( 101 219 )
( 115 101 ), ( 47 ), ( 9 ), ( 53 ), ( 10 ), ( 2 44 ), ( 210 ), ( 107 53 ), ( 26 9 ), ( 75 ), ( 27 ), ( 55 20 ), ( 220 6 164 ), ( 43 ), ( 9 221 ), ( 57 ), ( 222 217 ), ( 26 50 41 53 ), ( 9 223 187 ), ( 52 118 53 ), ( 9 224 225 ), ( 162 53 ), ( 226 124 ), ( 53 ), ( 227 ), ( 36 53 ), ( 228 229 ), ( 46 ), ( 49 50 47 ), ( 41 )
( 230 229 212 101 20 ), ( 2 231 ), ( 208 101 ), ( 232 ), ( 103 ), ( 75 )
( 119 112 2 39 ), ( 233 ), ( 37 ), ( 34 ), ( 42 51 ), ( 29 ), ( 37 40 ), ( 21 30 ), ( 51 ), ( 64 ), ( 13 54 ), ( 22 22 23 )
( 174 54 ), ( 2 214 ), ( 39 42 124 ), ( 113 ), ( 13 37 ), ( 205 ), ( 44 40 ), ( 112 208 101 ), ( 121 121 40 45 ), ( 105 ), ( 59 234 40 ), ( 111 112 101 ), ( 43 40 ), ( 205 101 )
( 56 132 40 ), ( 2 107 ), ( 39 ), ( 107 ), ( 44 ), ( 36 52 ), ( 174 ), ( 44 ), ( 40 45 ), ( 27 ), ( 13 40 ), ( 44 47 52 ), ( 121 121 54 40 ), ( 102 38 ), ( 44 59 234 )
( 36 53 38 ), ( 9 ), ( 45 ), ( 220 ), ( 37 178 ), ( 210 ), ( 44 40 ), ( 225 ), ( 132 132 ), ( 187 ), ( 45 59 )
( 230 2 20 ), ( 156 ), ( 101 ), ( 131 ), ( 208 ), ( 211 ), ( 133 ), ( 79 71 71 ), ( 44 ), ( 235 71 71 ), ( 3 101 ), ( 71 71 76 ), ( 43 ), ( 224 236 )
( 119 112 112 61 ), ( 2 37 ), ( 22 ), ( 45 ), ( 29 ), ( 40 ), ( 33 20 21 ), ( 42 114 ), ( 237 63 ), ( 221 40 ), ( 64 ), ( 54 40 ), ( 21 27 ), ( 144 )
( 30 23 28 66 135 ), ( 150 16 ), ( 76 ), ( 2 166 ), ( 44 ), ( 150 4 4 ), ( 27 ), ( 145 7 ), ( 163 ), ( 13 1 ), ( 125 ), ( 166 167 ), ( 77 120 135 ), ( 149 11 ), ( 86 194 72 22 ), ( 19 145 ), ( 71 71 43 ), ( 197 19 ), ( 137 137 84 71 71 238 ), ( 177 4 4 173 ), ( 239 68 71 71 ), ( 240 16 4 ), ( 71 71 241 239 ), ( 11 4 4 )
( 79 71 86 ), ( 20 ), ( 2 149 ), ( 101 ), ( 149 ), ( 216 ), ( 15 16 ), ( 27 ), ( 11 ), ( 214 216 ), ( 165 ), ( 105 ), ( 16 167 7 ), ( 242 105 ), ( 243 ), ( 113 44 101 ), ( 168 ), ( 221 101 ), ( 13 75 ), ( 101 111 ), ( 43 4 4 ), ( 219 101 )
( 165 197 244 ), ( 61 ), ( 244 245 ), ( 24 ), ( 94 ), ( 23 ), ( 153 246 ), ( 24 2 63 )
( 155 95 ), ( 4 4 ), ( 9 ), ( 136 ), ( 10 ), ( 4 4 16 ), ( 12 2 8 ), ( 247 ), ( 103 ), ( 75 16 ), ( 217 ), ( 104 ), ( 225 9 ), ( 248 249 249 ), ( 43 ), ( 19 167 ), ( 228 ), ( 248 136 249 249 ), ( 75 229 ), ( 249 249 ), ( 224 205 229 ), ( 176 232 250 ), ( 229 ), ( 19 249 249 251 ), ( 212 229 ), ( 165 75 ), ( 229 27 )
( 27 249 ), ( 25 ), ( 2 20 ), ( 28 ), ( 40 ), ( 23 ), ( 175 252 ), ( 28 35 ), ( 142 253 ), ( 134 32 ), ( 132 40 )
( 30 35 ), ( 78 ), ( 20 ), ( 78 )
( 254 44 123 88 2 43 255 ), ( 25 ), ( 70 ), ( 256 ), ( 257 78 ), ( 258 2 206 ), ( 74 ), ( 88 ), ( 259 78 ), ( 134 97 ), ( 260 261 ), ( 44 88 ), ( 259 70 257 261 ), ( 134 88 ), ( 262 74 78 263 ), ( 264 ), ( 80 81 78 ), ( 88 ), ( 81 78 ), ( 90 )
( 265 266 267 262 87 152 ), ( 2 37 ), ( 268 ), ( 40 ), ( 152 155 ), ( 37 ), ( 244 28 ), ( 54 ), ( 151 155 ), ( 59 87 )
( 153 112 ), ( 18 ), ( 255 ), ( 3 ), ( 156 ), ( 9 5 ), ( 269 ), ( 44 ), ( 156 97 ), ( 9 270 ), ( 88 90 271 ), ( 9 272 10 ), ( 159 88 ), ( 273 6 274 9 ), ( 44 269 ), ( 275 ), ( 88 ), ( 12 9 ), ( 91 44 88 ), ( 226 276 ), ( 2 206 206 88 ), ( 124 230 ), ( 68 88 ), ( 222 9 227 )
( 264 2 22 ), ( 53 ), ( 22 ), ( 41 ), ( 126 123 122 ), ( 53 ), ( 71 71 ), ( 102 ), ( 122 71 71 ), ( 116 53 ), ( 71 71 ), ( 44 53 ), ( 81 71 71 277 ), ( 124 53 ), ( 124 71 71 ), ( 44 53 ), ( 213 ), ( 27 116 205 ), ( 127 71 71 ), ( 118 )
( 79 130 130 278 ), ( 9 ), ( 2 149 ), ( 9 ), ( 7 ), ( 279 ), ( 166 ), ( 9 280 ), ( 7 4 4 ), ( 228 6 6 223 205 ), ( 167 145 ), ( 281 223 282 ), ( 114 ), ( 283 ), ( 19 4 4 ), ( 43 )
( 11 66 135 ), ( 273 2 18 ), ( 137 ), ( 10 ), ( 284 ), ( 9 282 ), ( 159 ), ( 75 ), ( 285 ), ( 114 ), ( 158 73 156 ), ( 276 8 ), ( 43 ), ( 9 187 ), ( 69 68 71 71 ), ( 275 5 ), ( 71 71 129 286 ), ( 287 194 ), ( 137 86 86 )
( 9 ), ( 61 ), ( 68 ), ( 20 ), ( 158 ), ( 20 2 33 ), ( 44 286 ), ( 38 28 ), ( 44 88 ), ( 23 28 ), ( 205 88 ), ( 27 ), ( 76 288 ), ( 61 140 28 ), ( 289 97 )
( 26 28 30 66 ), ( 2 20 ), ( 22 ), ( 38 ), ( 137 77 73 ), ( 36 53 ), ( 290 ), ( 44 ), ( 157 68 71 71 ), ( 53 55 ), ( 71 71 44 69 ), ( 27 )
( 71 71 44 69 ), ( 28 ), ( 88 ), ( 28 ), ( 136 ), ( 26 28 ), ( 136 87 ), ( 291 292 ), ( 4 4 ), ( 23 30 ), ( 293 97 ), ( 188 204 ), ( 293 294 255 4 4 ), ( 295 296 ), ( 255 91 4 ), ( 296 14 297 ), ( 224 97 293 298 2 4 4 ), ( 299 23 140 ), ( 300 293 13 294 300 301 ), ( 302 14 140 303 ), ( 99 293 212 ), ( 304 14 30 ), ( 72 293 212 ), ( 305 306 28 ), ( 298 212 301 ), ( 302 303 140 237 )
( 293 4 93 293 42 45 ), ( 61 ), ( 39 ), ( 21 ), ( 121 121 42 59 234 ), ( 31 ), ( 40 ), ( 23 2 34 ), ( 174 ), ( 30 33 ), ( 59 234 ), ( 307 140 )
( 56 40 88 ), ( 9 ), ( 136 ), ( 10 ), ( 90 97 ), ( 9 164 ), ( 13 ), ( 12 ), ( 224 293 300 294 298 ), ( 2 6 26 221 ), ( 293 91 88 ), ( 210 273 308 ), ( 293 99 293 ), ( 44 205 ), ( 294 293 97 255 88 ), ( 226 27 )
( 293 293 3 ), ( 2 309 ), ( 3 ), ( 77 ), ( 20 97 ), ( 71 71 ), ( 255 91 20 ), ( 143 ), ( 44 97 ), ( 79 79 71 ), ( 13 88 ), ( 43 ), ( 43 50 ), ( 71 44 310 311 ), ( 88 254 )
( 44 71 71 312 313 78 ), ( 78 ), ( 80 ), ( 78 ), ( 260 ), ( 74 ), ( 74 ), ( 266 262 ), ( 314 ), ( 85 78 ), ( 104 ), ( 78 ), ( 315 ), ( 261 70 70 78 ), ( 316 75 ), ( 261 317 267 80 ), ( 213 ), ( 124 81 ), ( 318 85 )
( 265 266 263 257 85 257 ), ( 87 ), ( 9 ), ( 319 ), ( 10 ), ( 2 320 ), ( 210 ), ( 205 ), ( 226 ), ( 26 71 71 ), ( 6 103 ), ( 104 ), ( 222 223 ), ( 13 95 ), ( 12 205 ), ( 321 113 214 ), ( 220 27 ), ( 43 ), ( 9 187 ), ( 105 322 322 ), ( 9 114 )
( 105 214 322 322 ), ( 69 ), ( 71 71 ), ( 68 73 73 ), ( 79 ), ( 76 ), ( 123 71 ), ( 71 71 ), ( 79 71 71 130 ), ( 66 71 71 ), ( 323 ), ( 163 ), ( 127 120 ), ( 69 66 71 ), ( 127 126 71 71 ), ( 135 71 ), ( 86 131 71 71 ), ( 185 157 157 286 71 )
( 120 71 71 ), ( 2 42 59 234 ), ( 22 ), ( 37 233 ), ( 31 ), ( 40 ), ( 38 5 324 ), ( 54 ), ( 32 28 ), ( 174 ), ( 28 ), ( 44 40 ), ( 28 ), ( 51 325 ), ( 26 30 30 )
( 132 40 100 4 4 ), ( 255 88 ), ( 150 4 4 ), ( 2 206 ), ( 166 ), ( 44 ), ( 4 4 17 ), ( 3 99 ), ( 166 100 ), ( 103 ), ( 150 4 ), ( 75 72 ), ( 326 4 16 ), ( 114 123 ), ( 165 166 ), ( 217 254 ), ( 181 173 ), ( 44 254 88 ), ( 201 ), ( 212 20 88 ), ( 167 13 182 ), ( 91 205 88 ), ( 327 328 11 145 1 ), ( 5 88 )
( 17 11 328 ), ( 73 ), ( 22 122 ), ( 310 ), ( 22 ), ( 185 311 ), ( 126 79 71 71 ), ( 44 ), ( 81 71 71 ), ( 185 193 313 329 71 71 ), ( 127 128 130 ), ( 71 ), ( 71 71 81 ), ( 43 ), ( 120 120 71 71 ), ( 66 310 137 71 ), ( 213 ), ( 71 330 66 )
( 86 86 79 ), ( 2 22 ), ( 20 ), ( 71 71 ), ( 23 202 77 ), ( 185 ), ( 140 ), ( 71 71 312 ), ( 44 ), ( 75 )
( 26 22 28 1 ), ( 38 ), ( 16 ), ( 331 ), ( 2 166 ), ( 102 ), ( 7 ), ( 27 ), ( 150 4 4 ), ( 53 ), ( 166 4 ), ( 26 118 ), ( 165 4 4 ), ( 172 ), ( 114 ), ( 107 53 ), ( 19 4 4 ), ( 43 53 ), ( 167 43 ), ( 221 53 ), ( 13 4 ), ( 108 38 41 53 ), ( 13 165 ), ( 212 116 53 ), ( 168 ), ( 44 98 53 ), ( 16 145 145 332 )
( 53 ), ( 88 ), ( 40 ), ( 88 90 ), ( 45 ), ( 293 298 ), ( 44 ), ( 224 293 300 93 298 293 ), ( 54 ), ( 136 294 ), ( 42 43 2 ), ( 88 221 ), ( 42 59 44 ), ( 13 255 91 ), ( 59 121 ), ( 293 97 72 255 88 ), ( 144 40 ), ( 212 294 99 87 ), ( 144 40 ), ( 136 99 101 ), ( 144 221 )
( 300 301 136 333 293 ), ( 2 334 ), ( 32 ), ( 310 311 ), ( 22 ), ( 71 71 79 ), ( 24 20 28 ), ( 312 71 71 137 ), ( 20 28 ), ( 335 71 71 ), ( 30 32 25 ), ( 310 71 71 ), ( 23 28 24 ), ( 86 71 71 ), ( 31 35 28 )
( 120 312 334 ), ( 2 20 ), ( 40 ), ( 3 ), ( 39 ), ( 254 ), ( 174 ), ( 97 97 ), ( 124 ), ( 3 206 ), ( 144 121 ), ( 13 ), ( 54 44 ), ( 43 ), ( 51 45 ), ( 72 91 88 ), ( 59 39 58 121 42 174 ), ( 75 205 ), ( 59 37 40 ), ( 91 206 5 88 ), ( 40 )
( 114 88 ), ( 2 135 ), ( 101 ), ( 73 ), ( 101 ), ( 71 71 ), ( 3 101 ), ( 77 ), ( 208 208 242 ), ( 84 286 ), ( 20 205 ), ( 79 71 71 22 ), ( 109 112 77 ), ( 71 71 156 158 ), ( 101 ), ( 27 336 ), ( 101 ), ( 241 27 71 71 69 ), ( 3 105 101 ), ( 22 71 71 86 ), ( 217 101 113 ), ( 71 71 ), ( 105 337 ), ( 73 158 71 )
( 119 112 ), ( 85 ), ( 2 7 ), ( 78 ), ( 1 4 4 ), ( 74 ), ( 4 ), ( 338 ), ( 167 4 ), ( 338 69 ), ( 167 149 ), ( 68 339 78 ), ( 75 4 4 ), ( 339 340 ), ( 17 165 ), ( 44 78 ), ( 197 7 4 4 ), ( 76 78 )
( 11 4 4 ), ( 150 ), ( 37 ), ( 2 149 ), ( 39 40 ), ( 177 16 ), ( 174 ), ( 166 ), ( 13 ), ( 165 ), ( 51 ), ( 149 4 4 ), ( 13 42 54 ), ( 13 4 4 ), ( 27 44 ), ( 167 ), ( 51 40 ), ( 19 4 )
( 54 124 66 ), ( 214 ), ( 68 2 135 ), ( 101 ), ( 135 ), ( 44 ), ( 79 71 71 ), ( 27 ), ( 44 69 ), ( 101 205 ), ( 120 66 71 71 ), ( 219 101 ), ( 44 71 ), ( 105 112 ), ( 163 71 71 ), ( 133 101 113 112 ), ( 72 125 ), ( 43 101 )
( 79 71 71 73 ), ( 135 ), ( 79 ), ( 142 ), ( 68 2 76 ), ( 68 79 ), ( 66 71 71 329 ), ( 158 73 157 ), ( 185 79 ), ( 142 120 ), ( 71 71 137 21 ), ( 66 135 84 ), ( 125 ), ( 71 71 ), ( 137 341 135 71 71 ), ( 211 71 )
( 120 27 69 3 ), ( 37 ), ( 254 ), ( 39 40 ), ( 254 ), ( 44 ), ( 88 123 ), ( 174 2 121 ), ( 255 97 20 88 ), ( 43 )
( 221 91 ), ( 150 ), ( 2 121 121 ), ( 177 ), ( 37 ), ( 7 ), ( 42 42 43 ), ( 167 ), ( 59 234 ), ( 75 ), ( 13 ), ( 124 ), ( 54 40 ), ( 232 4 4 121 ), ( 174 40 ), ( 4 ), ( 40 ), ( 342 165 ), ( 121 121 54 40 ), ( 39 58 75 4 ), ( 39 58 44 44 ), ( 16 176 4 4 ), ( 51 40 ), ( 7 167 4 4 ), ( 45 174 40 ), ( 43 343 4 4 ), ( 221 124 ), ( 165 4 ), ( 13 40 ), ( 114 4 )
( 59 60 56 2 37 ), ( 42 44 ), ( 121 121 ), ( 45 ), ( 344 ), ( 37 39 ), ( 39 121 121 ), ( 44 40 ), ( 44 40 ), ( 121 40 ), ( 132 40 ), ( 40 ), ( 51 ), ( 40 ), ( 144 40 ), ( 39 58 43 ), ( 13 40 221 ), ( 59 54 40 )
( 174 40 42 59 234 2 39 ), ( 42 44 ), ( 39 ), ( 45 ), ( 13 ), ( 40 ), ( 44 37 ), ( 40 ), ( 144 ), ( 40 )
( 56 132 ), ( 61 ), ( 150 ), ( 34 ), ( 182 ), ( 22 ), ( 142 ), ( 345 34 )
( 166 ), ( 47 ), ( 2 20 ), ( 53 ), ( 3 ), ( 41 ), ( 255 206 ), ( 162 ), ( 44 ), ( 27 ), ( 75 ), ( 46 ), ( 50 47 52 205 99 ), ( 38 41 107 ), ( 88 346 ), ( 172 )
( 44 88 25 ), ( 40 ), ( 20 ), ( 40 ), ( 31 ), ( 62 ), ( 32 28 ), ( 174 ), ( 30 24 ), ( 347 40 ), ( 35 23 324 ), ( 144 )
( 38 134 28 95 ), ( 88 255 ), ( 87 268 ), ( 348 ), ( 94 245 ), ( 91 ), ( 155 4 4 ), ( 224 2 293 300 294 298 ), ( 98 4 4 ), ( 293 293 97 )
( 92 268 100 ), ( 70 ), ( 1 ), ( 78 82 ), ( 150 4 4 ), ( 81 ), ( 17 2 4 4 ), ( 75 ), ( 4 145 ), ( 80 317 78 ), ( 4 4 166 ), ( 80 227 ), ( 182 4 4 ), ( 43 ), ( 4 4 19 ), ( 317 349 350 ), ( 165 145 1 ), ( 81 83 78 ), ( 100 4 4 16 ), ( 74 78 ), ( 182 4 4 109 ), ( 114 78 ), ( 13 4 4 ), ( 351 314 78 ), ( 201 ), ( 82 352 78 ), ( 173 16 13 ), ( 75 353 ), ( 181 4 4 150 ), ( 129 78 ), ( 354 114 167 ), ( 355 356 78 ), ( 326 86 4 4 ), ( 163 78 ), ( 86 86 4 ), ( 357 329 78 ), ( 86 11 ), ( 358 78 ), ( 86 11 ), ( 359 ), ( 86 86 4 4 )
( 289 78 241 ), ( 69 ), ( 2 107 ), ( 135 ), ( 53 ), ( 66 79 ), ( 53 ), ( 137 71 71 ), ( 98 ), ( 66 120 69 ), ( 75 ), ( 77 22 ), ( 102 53 ), ( 71 71 360 ), ( 98 53 ), ( 71 71 73 ), ( 116 205 ), ( 137 73 361 71 71 190 ), ( 108 118 53 ), ( 76 72 71 71 ), ( 38 55 362 ), ( 185 190 71 71 135 ), ( 108 53 110 ), ( 71 71 ), ( 44 53 )
( 86 69 ), ( 2 38 ), ( 73 ), ( 28 ), ( 71 71 ), ( 29 ), ( 44 ), ( 33 28 ), ( 27 ), ( 296 )
( 84 79 2 22 ), ( 137 253 ), ( 20 ), ( 120 ), ( 34 29 ), ( 44 ), ( 140 ), ( 310 310 312 313 ), ( 22 35 ), ( 44 79 ), ( 44 28 ), ( 13 66 193 ), ( 33 28 ), ( 71 71 86 )
( 63 30 28 2 21 ), ( 107 ), ( 20 ), ( 41 ), ( 29 ), ( 44 ), ( 61 28 ), ( 41 53 ), ( 38 63 ), ( 118 53 ), ( 64 ), ( 355 ), ( 43 ), ( 118 221 ), ( 64 24 ), ( 57 ), ( 140 22 28 ), ( 306 102 )
( 33 30 35 28 69 ), ( 73 ), ( 71 71 ), ( 2 76 ), ( 135 ), ( 55 ), ( 137 71 71 363 ), ( 76 ), ( 66 66 137 364 ), ( 156 53 ), ( 120 71 71 ), ( 102 68 ), ( 44 79 69 ), ( 68 162 ), ( 72 71 71 ), ( 38 102 53 ), ( 185 77 71 71 ), ( 53 ), ( 71 71 27 ), ( 338 55 53 ), ( 73 68 71 71 84 ), ( 118 41 53 141 )
( 71 71 43 145 ), ( 85 ), ( 182 ), ( 81 ), ( 17 ), ( 267 2 263 ), ( 13 ), ( 263 317 ), ( 114 ), ( 266 262 ), ( 150 4 4 167 ), ( 365 85 )
( 13 145 ), ( 1 16 ), ( 2 149 ), ( 366 ), ( 7 ), ( 7 ), ( 166 ), ( 165 ), ( 4 4 ), ( 100 4 4 ), ( 19 ), ( 11 4 4 ), ( 16 166 4 4 ), ( 176 4 ), ( 43 ), ( 167 4 ), ( 7 4 4 ), ( 4 ), ( 13 4 ), ( 27 17 4 ), ( 114 4 ), ( 367 ), ( 165 173 1 ), ( 145 150 4 ), ( 15 16 150 165 ), ( 145 166 16 7 ), ( 150 4 4 11 145 ), ( 13 165 )
( 17 ), ( 150 ), ( 2 121 121 ), ( 15 ), ( 121 121 ), ( 4 4 ), ( 42 13 ), ( 248 251 ), ( 40 ), ( 150 ), ( 174 ), ( 19 ), ( 40 44 ), ( 368 251 ), ( 51 ), ( 181 4 4 ), ( 54 40 ), ( 15 4 4 ), ( 51 40 ), ( 167 4 ), ( 124 44 ), ( 176 4 ), ( 174 344 37 40 ), ( 19 4 )
( 56 132 150 ), ( 2 35 ), ( 15 ), ( 26 ), ( 17 ), ( 25 28 ), ( 150 4 4 ), ( 189 5 ), ( 4 149 ), ( 63 28 ), ( 16 16 173 ), ( 28 ), ( 17 4 4 ), ( 63 32 28 ), ( 4 149 ), ( 25 28 )
( 19 4 ), ( 88 ), ( 273 ), ( 348 ), ( 9 ), ( 369 ), ( 222 6 ), ( 91 88 ), ( 225 ), ( 370 255 90 ), ( 26 9 164 ), ( 91 88 ), ( 43 ), ( 13 97 2 93 ), ( 224 212 ), ( 371 348 ), ( 220 372 210 ), ( 88 99 206 ), ( 9 75 10 ), ( 212 206 88 ), ( 217 9 2 230 ), ( 13 88 90 ), ( 9 210 205 ), ( 212 ), ( 9 187 ), ( 359 300 93 ), ( 9 276 100 ), ( 369 88 97 ), ( 103 27 ), ( 88 )
( 227 351 124 353 9 ), ( 36 ), ( 2 22 ), ( 52 ), ( 324 ), ( 38 ), ( 24 29 ), ( 44 ), ( 38 28 ), ( 107 53 ), ( 63 28 ), ( 27 ), ( 31 134 ), ( 57 ), ( 24 22 28 ), ( 162 53 41 )
( 63 5 145 ), ( 68 ), ( 7 ), ( 68 135 44 ), ( 16 145 ), ( 79 71 71 2 373 ), ( 165 ), ( 142 71 71 ), ( 19 ), ( 374 71 71 ), ( 166 4 4 ), ( 158 190 71 71 ), ( 13 4 ), ( 71 71 ), ( 43 4 4 ), ( 156 13 79 ), ( 11 7 4 ), ( 137 375 141 43 )
( 167 165 ), ( 145 ), ( 3 ), ( 7 ), ( 20 148 ), ( 177 4 4 ), ( 72 97 ), ( 11 ), ( 13 ), ( 177 4 4 ), ( 44 3 ), ( 366 4 4 ), ( 123 88 ), ( 150 4 4 150 ), ( 346 91 ), ( 11 4 4 ), ( 43 88 ), ( 342 165 ), ( 114 254 ), ( 13 7 4 ), ( 205 75 )
( 165 4 ), ( 69 2 69 ), ( 145 ), ( 79 ), ( 4 4 ), ( 68 73 73 ), ( 166 ), ( 137 135 71 71 ), ( 210 16 ), ( 185 194 157 ), ( 181 ), ( 137 120 324 ), ( 182 165 ), ( 43 ), ( 7 165 ), ( 163 22 ), ( 19 17 )
( 194 ), ( 2 70 ), ( 39 ), ( 78 ), ( 44 ), ( 67 ), ( 174 ), ( 74 ), ( 124 ), ( 81 78 ), ( 37 40 ), ( 314 ), ( 174 40 ), ( 75 70 ), ( 59 60 144 ), ( 43 317 ), ( 39 58 13 344 ), ( 350 78 )
( 56 132 54 42 40 ), ( 25 ), ( 150 2 150 ), ( 32 ), ( 145 ), ( 22 ), ( 4 4 1 ), ( 38 28 )
( 166 11 17 4 4 2 37 ), ( 88 ), ( 40 ), ( 90 ), ( 40 ), ( 300 376 ), ( 42 13 ), ( 255 206 ), ( 27 42 121 121 ), ( 13 ), ( 54 40 ), ( 75 72 300 97 ), ( 59 60 40 ), ( 96 91 88 ), ( 174 40 ), ( 91 97 264 )
( 56 132 1 ), ( 164 ), ( 15 ), ( 222 ), ( 2 166 ), ( 210 ), ( 149 150 ), ( 9 282 ), ( 165 ), ( 27 ), ( 11 ), ( 9 280 ), ( 16 4 4 173 ), ( 221 230 6 ), ( 43 ), ( 280 9 75 ), ( 165 166 ), ( 230 226 ), ( 149 145 4 4 ), ( 228 )
( 168 ), ( 272 ), ( 3 ), ( 20 ), ( 20 ), ( 38 2 14 ), ( 208 20 ), ( 5 10 ), ( 337 ), ( 205 ), ( 101 111 ), ( 12 18 ), ( 75 ), ( 43 ), ( 43 ), ( 20 279 9 ), ( 44 101 )
( 38 377 9 25 ), ( 2 121 121 ), ( 3 ), ( 39 ), ( 88 ), ( 44 ), ( 44 ), ( 37 37 ), ( 205 148 ), ( 51 ), ( 255 378 ), ( 13 121 121 ), ( 25 91 88 ), ( 59 234 54 ), ( 91 44 )
( 56 132 42 40 61 ), ( 66 ), ( 21 ), ( 66 2 310 313 ), ( 29 ), ( 77 79 ), ( 22 34 ), ( 120 ), ( 33 209 ), ( 22 ), ( 44 ), ( 312 ), ( 379 ), ( 71 71 ), ( 203 ), ( 13 311 ), ( 64 ), ( 129 311 311 ), ( 30 26 28 ), ( 44 ), ( 22 203 28 ), ( 44 71 ), ( 43 28 ), ( 310 185 137 71 ), ( 64 28 ), ( 310 )
( 28 380 ), ( 381 ), ( 89 ), ( 2 20 ), ( 244 101 ), ( 218 ), ( 152 382 ), ( 101 ), ( 101 ), ( 111 101 ), ( 101 95 ), ( 101 112 ), ( 154 101 ), ( 13 101 )
( 101 112 112 381 ), ( 1 ), ( 21 ), ( 2 149 ), ( 22 ), ( 16 4 4 ), ( 61 28 ), ( 145 4 4 ), ( 140 24 ), ( 4 4 ), ( 64 ), ( 342 ), ( 26 203 ), ( 176 ), ( 64 28 ), ( 75 17 ), ( 202 29 27 ), ( 164 16 ), ( 28 33 ), ( 367 )
( 63 ), ( 100 ), ( 20 ), ( 16 ), ( 148 88 ), ( 81 ), ( 44 ), ( 7 ), ( 75 ), ( 150 150 4 4 100 ), ( 254 206 ), ( 7 81 ), ( 13 123 ), ( 260 383 2 383 ), ( 72 91 88 ), ( 136 16 199 384 )
( 99 ), ( 2 22 ), ( 4 4 ), ( 71 71 ), ( 149 77 ), ( 312 ), ( 173 ), ( 313 71 71 ), ( 7 4 4 ), ( 71 71 309 ), ( 173 4 ), ( 66 379 71 71 ), ( 385 150 4 4 1 ), ( 120 79 71 ), ( 243 ), ( 378 79 ), ( 167 165 1 ), ( 43 71 71 ), ( 17 4 4 165 ), ( 185 386 71 71 ), ( 19 4 ), ( 13 86 ), ( 4 4 13 ), ( 185 310 313 309 71 71 387 )
( 19 17 4 4 7 388 ), ( 2 38 ), ( 21 ), ( 272 5 ), ( 20 ), ( 3 ), ( 44 ), ( 9 20 ), ( 26 33 ), ( 222 389 ), ( 203 ), ( 5 25 205 ), ( 202 140 65 61 ), ( 9 279 ), ( 30 ), ( 18 ), ( 27 ), ( 26 205 ), ( 237 43 )
( 9 377 ), ( 66 2 66 ), ( 53 ), ( 68 ), ( 41 ), ( 135 71 71 ), ( 102 ), ( 73 71 71 ), ( 11 ), ( 79 71 71 69 ), ( 171 ), ( 68 156 71 71 ), ( 169 390 ), ( 43 ), ( 116 102 )
( 159 158 194 ), ( 150 16 ), ( 128 332 ), ( 391 ), ( 116 ), ( 4 4 ), ( 268 41 ), ( 165 ), ( 41 53 ), ( 391 4 4 ), ( 332 81 179 155 92 )
( 392 4 ), ( 39 ), ( 2 142 ), ( 40 ), ( 85 ), ( 42 43 ), ( 257 67 ), ( 13 ), ( 70 267 ), ( 124 ), ( 393 ), ( 54 40 44 ), ( 43 ), ( 75 174 ), ( 70 67 83 257 ), ( 121 121 51 42 40 ), ( 27 394 78 ), ( 59 234 40 ), ( 365 78 ), ( 39 58 59 234 40 ), ( 78 85 ), ( 121 121 37 56 ), ( 78 394 )
( 56 132 40 ), ( 2 22 ), ( 22 122 ), ( 29 ), ( 128 71 71 ), ( 28 ), ( 34 122 81 71 71 ), ( 23 28 ), ( 71 126 ), ( 38 233 28 ), ( 323 ), ( 64 ), ( 120 127 128 ), ( 21 30 ), ( 125 71 71 )
( 28 ), ( 100 9 ), ( 2 81 ), ( 9 ), ( 22 ), ( 12 126 ), ( 122 ), ( 103 ), ( 260 ), ( 9 164 ), ( 122 120 ), ( 9 273 395 ), ( 125 ), ( 124 ), ( 71 71 22 128 ), ( 222 217 ), ( 86 277 71 71 ), ( 6 ), ( 129 79 130 ), ( 9 224 212 10 ), ( 127 128 71 ), ( 26 ), ( 323 71 ), ( 227 ), ( 72 396 71 71 ), ( 9 205 ), ( 120 124 ), ( 351 276 ), ( 86 187 ), ( 225 27 )
( 75 71 71 78 ), ( 70 ), ( 80 ), ( 81 262 ), ( 85 78 ), ( 259 85 ), ( 81 78 ), ( 81 257 ), ( 85 78 ), ( 74 70 ), ( 397 ), ( 78 ), ( 74 80 ), ( 261 78 ), ( 398 ), ( 267 317 259 78 ), ( 124 78 ), ( 267 124 78 ), ( 267 75 350 ), ( 74 261 78 ), ( 78 ), ( 260 78 ), ( 257 201 )
( 265 266 263 262 257 317 78 ), ( 52 ), ( 2 145 ), ( 53 ), ( 16 1 ), ( 258 53 ), ( 149 ), ( 162 ), ( 177 4 4 ), ( 44 52 ), ( 166 1 ), ( 46 )
( 47 50 4 4 167 324 ), ( 280 ), ( 22 ), ( 9 ), ( 20 ), ( 210 ), ( 24 29 ), ( 212 ), ( 134 28 ), ( 226 223 )
( 30 35 2 28 ), ( 146 ), ( 20 ), ( 2 91 ), ( 31 ), ( 255 206 ), ( 29 ), ( 44 ), ( 22 134 ), ( 88 264 ), ( 28 ), ( 13 ), ( 134 28 ), ( 93 ), ( 24 ), ( 88 264 )
( 26 28 30 ), ( 40 ), ( 38 ), ( 121 ), ( 23 ), ( 40 ), ( 29 ), ( 174 ), ( 26 33 ), ( 54 40 ), ( 2 43 ), ( 54 37 ), ( 28 29 35 ), ( 51 40 )
( 63 30 28 22 ), ( 3 ), ( 122 ), ( 272 9 ), ( 120 ), ( 5 ), ( 126 ), ( 2 10 ), ( 120 123 ), ( 44 ), ( 127 128 ), ( 26 44 ), ( 323 ), ( 389 9 ), ( 86 127 130 ), ( 9 279 ), ( 71 71 122 ), ( 279 ), ( 81 71 71 323 128 ), ( 228 377 ), ( 212 71 71 ), ( 43 10 ), ( 213 ), ( 205 5 )
( 72 86 79 130 69 135 ), ( 366 ), ( 158 ), ( 4 4 ), ( 66 73 71 71 ), ( 75 ), ( 79 71 ), ( 399 ), ( 84 71 ), ( 343 165 ), ( 129 2 141 )
( 181 4 ), ( 100 ), ( 78 2 44 ), ( 17 16 ), ( 317 70 ), ( 13 ), ( 70 78 ), ( 19 ), ( 400 78 ), ( 17 4 4 ), ( 43 ), ( 4 4 176 ), ( 400 78 ), ( 166 100 4 4 ), ( 74 263 78 ), ( 11 13 ), ( 266 257 261 257 262 ), ( 176 166 )
( 81 ), ( 324 ), ( 38 ), ( 32 ), ( 71 71 ), ( 31 ), ( 71 71 ), ( 22 20 ), ( 185 79 ), ( 24 30 28 ), ( 310 120 71 71 ), ( 23 134 ), ( 137 79 195 71 71 71 ), ( 28 ), ( 13 71 71 71 71 )
( 29 150 ), ( 47 ), ( 145 ), ( 2 41 ), ( 4 4 ), ( 319 52 ), ( 145 4 4 ), ( 5 160 ), ( 165 ), ( 47 5 53 52 ), ( 149 149 ), ( 46 ), ( 50 49 176 1 ), ( 41 107 401 ), ( 11 150 4 4 ), ( 102 36 53 ), ( 4 4 166 16 ), ( 118 53 ), ( 168 ), ( 402 53 ), ( 332 7 1 4 4 ), ( 160 50 403 ), ( 15 17 4 ), ( 118 403 ), ( 13 7 4 ), ( 107 44 404 53 ), ( 13 165 ), ( 26 53 ), ( 16 43 4 ), ( 108 53 ), ( 114 4 )
( 46 53 175 ), ( 100 ), ( 37 )
( 2 17 2 20 ), ( 156 ), ( 33 ), ( 312 73 ), ( 29 ), ( 156 137 ), ( 21 34 ), ( 44 405 ), ( 38 63 ), ( 71 71 406 ), ( 27 ), ( 76 84 ), ( 43 ), ( 86 71 71 79 ), ( 203 28 ), ( 69 71 71 ), ( 64 28 ), ( 135 79 190 71 71 ), ( 33 35 22 28 )
( 71 71 47 ), ( 85 ), ( 53 ), ( 81 ), ( 156 ), ( 80 ), ( 98 ), ( 74 ), ( 38 53 ), ( 266 262 317 ), ( 26 118 ), ( 261 78 259 ), ( 102 116 ), ( 124 259 ), ( 57 ), ( 70 261 267 317 260 ), ( 172 )
( 265 263 263 257 61 ), ( 2 20 ), ( 20 ), ( 38 ), ( 35 407 ), ( 55 ), ( 140 ), ( 44 ), ( 23 21 ), ( 48 41 107 50 ), ( 65 63 ), ( 118 53 )
( 24 28 34 ), ( 47 ), ( 66 ), ( 52 ), ( 135 ), ( 38 ), ( 185 2 ), ( 41 ), ( 86 ), ( 102 ), ( 71 71 72 ), ( 107 20 53 ), ( 69 84 ), ( 162 53 ), ( 43 ), ( 102 162 )
( 71 71 79 86 2 20 ), ( 88 ), ( 208 ), ( 255 206 ), ( 20 112 ), ( 88 ), ( 44 ), ( 346 ), ( 75 ), ( 75 ), ( 105 ), ( 75 408 )
( 242 119 ), ( 25 ), ( 69 ), ( 32 ), ( 135 ), ( 189 ), ( 66 71 71 ), ( 24 20 ), ( 185 2 71 71 ), ( 28 26 ), ( 71 71 76 ), ( 28 258 5 ), ( 71 71 44 ), ( 28 25 ), ( 71 71 77 )
( 202 28 29 ), ( 66 137 409 ), ( 2 136 ), ( 137 ), ( 88 ), ( 86 ), ( 293 298 ), ( 410 158 ), ( 293 294 72 255 ), ( 68 84 ), ( 301 ), ( 43 ), ( 136 97 97 ), ( 79 410 73 ), ( 224 293 298 255 )
( 86 79 ), ( 2 38 ), ( 22 ), ( 5 ), ( 33 29 ), ( 23 ), ( 38 34 ), ( 189 25 ), ( 27 ), ( 189 28 ), ( 28 ), ( 134 63 202 )
( 21 30 87 152 2 246 ), ( 89 ), ( 268 ), ( 41 ), ( 153 ), ( 268 246 ), ( 55 )
( 244 55 ), ( 66 ), ( 258 ), ( 310 313 ), ( 26 ), ( 71 71 ), ( 38 2 26 ), ( 411 ), ( 38 53 ), ( 185 79 ), ( 102 ), ( 120 310 ), ( 53 ), ( 77 71 71 ), ( 43 ), ( 86 71 71 313 ), ( 31 5 118 ), ( 71 71 311 ), ( 25 98 53 ), ( 125 22 ), ( 53 ), ( 71 71 ), ( 53 412 ), ( 66 71 71 312 ), ( 31 53 258 ), ( 13 71 71 )
( 402 402 5 ), ( 150 ), ( 35 ), ( 2 7 ), ( 25 22 ), ( 149 ), ( 29 ), ( 24 1 4 4 ), ( 23 28 ), ( 11 ), ( 29 28 ), ( 4 149 ), ( 26 30 25 ), ( 75 4 )
( 28 32 272 ), ( 15 ), ( 20 ), ( 136 ), ( 273 2 3 ), ( 150 251 4 4 ), ( 205 )
( 165 2 9 ), ( 37 ), ( 9 ), ( 45 ), ( 224 ), ( 121 40 ), ( 210 ), ( 39 45 ), ( 6 280 282 ), ( 43 ), ( 124 ), ( 54 40 ), ( 210 230 ), ( 144 40 ), ( 9 75 ), ( 39 58 44 40 ), ( 9 413 223 282 ), ( 59 132 40 ), ( 222 222 205 223 )
( 13 42 51 ), ( 2 37 ), ( 79 ), ( 40 ), ( 22 ), ( 45 ), ( 66 137 ), ( 121 121 40 ), ( 414 71 71 ), ( 40 77 221 ), ( 13 193 ), ( 124 ), ( 71 71 44 ), ( 51 ), ( 129 311 ), ( 13 54 59 234 ), ( 313 334 86 71 71 )
( 56 ), ( 18 ), ( 39 ), ( 272 2 3 ), ( 39 121 121 ), ( 389 ), ( 174 ), ( 18 9 ), ( 43 ), ( 12 6 ), ( 13 37 ), ( 12 282 ), ( 174 40 ), ( 205 8 9 ), ( 124 40 ), ( 43 415 ), ( 56 132 221 ), ( 9 114 )
( 40 132 56 ), ( 52 20 ), ( 9 ), ( 47 53 ), ( 6 26 ), ( 53 20 ), ( 12 ), ( 27 ), ( 217 ), ( 46 ), ( 50 49 47 221 10 ), ( 36 48 118 ), ( 273 416 2 75 ), ( 57 ), ( 8 9 223 ), ( 38 46 ), ( 50 103 230 ), ( 53 ), ( 9 224 27 ), ( 43 53 ), ( 220 9 225 ), ( 102 53 ), ( 43 )
( 107 162 53 380 ), ( 40 ), ( 208 ), ( 39 ), ( 380 417 ), ( 174 ), ( 418 101 ), ( 44 37 ), ( 218 101 ), ( 45 54 ), ( 2 419 ), ( 51 325 40 ), ( 38 420 )
( 40 59 234 132 ), ( 272 ), ( 2 72 ), ( 3 ), ( 22 ), ( 10 ), ( 122 ), ( 5 272 ), ( 126 ), ( 9 ), ( 277 79 ), ( 38 9 ), ( 71 71 122 ), ( 18 ), ( 323 ), ( 43 ), ( 396 128 ), ( 8 279 ), ( 123 71 71 ), ( 287 ), ( 120 120 127 128 126 71 71 ), ( 3 226 377 ), ( 213 130 ), ( 20 205 ), ( 124 22 71 71 ), ( 205 377 ), ( 71 187 131 ), ( 10 9 281 )
( 129 79 130 86 ), ( 47 ), ( 20 ), ( 107 ), ( 133 ), ( 2 44 ), ( 337 ), ( 162 ), ( 113 101 ), ( 52 44 ), ( 105 ), ( 102 107 ), ( 208 101 ), ( 53 102 ), ( 103 101 112 ), ( 57 ), ( 113 217 ), ( 43 26 ), ( 44 111 101 ), ( 46 ), ( 48 49 50 47 ), ( 53 ), ( 208 112 101 3 ), ( 41 53 ), ( 101 ), ( 50 53 55 ), ( 105 101 3 ), ( 38 53 )
( 119 2 22 ), ( 88 ), ( 21 ), ( 255 ), ( 34 ), ( 206 ), ( 21 ), ( 136 ), ( 140 ), ( 298 206 ), ( 29 33 ), ( 421 136 88 ), ( 422 27 ), ( 88 ), ( 35 203 ), ( 301 88 )
( 27 20 422 ), ( 2 78 ), ( 20 ), ( 78 ), ( 101 ), ( 81 ), ( 44 ), ( 26 78 ), ( 217 ), ( 27 ), ( 105 ), ( 74 423 ), ( 44 101 ), ( 266 257 317 )
( 105 20 22 140 27 ), ( 150 ), ( 1 ), ( 145 ), ( 15 2 16 ), ( 4 4 ), ( 150 4 4 ), ( 166 ), ( 4 145 ), ( 11 ), ( 11 ), ( 7 7 ), ( 165 ), ( 166 149 ), ( 166 7 ), ( 4 4 17 ), ( 17 4 4 ), ( 240 4 4 ), ( 167 150 4 145 ), ( 13 13 ), ( 4 4 13 ), ( 176 145 4 4 )
( 19 4 25 32 ), ( 2 41 ), ( 23 ), ( 48 53 ), ( 32 28 ), ( 162 )
( 20 30 ), ( 88 ), ( 88 ), ( 91 ), ( 88 ), ( 44 ), ( 225 ), ( 90 255 ), ( 13 ), ( 124 ), ( 91 97 ), ( 376 ), ( 90 2 293 300 294 293 ), ( 44 93 206 300 184 ), ( 72 293 93 300 97 ), ( 370 255 88 294 97 ), ( 99 293 136 298 293 ), ( 13 99 90 88 ), ( 301 136 ), ( 212 264 97 424 424 ), ( 301 136 ), ( 370 424 424 184 93 88 ), ( 255 91 212 88 ), ( 370 425 )
( 293 294 298 293 293 90 150 150 368 251 ), ( 108 268 )
( 368 250 ), ( 310 311 ), ( 2 10 ), ( 66 137 137 420 426 ), ( 220 )
( 185 25 ), ( 2 20 ), ( 272 5 ), ( 21 ), ( 14 ), ( 63 202 ), ( 10 ), ( 23 ), ( 205 372 ), ( 29 26 ), ( 9 8 ), ( 140 28 ), ( 9 20 ), ( 63 44 ), ( 258 5 9 14 ), ( 27 33 )
( 258 ), ( 69 ), ( 150 ), ( 135 ), ( 4 4 ), ( 77 ), ( 232 ), ( 137 296 ), ( 69 68 16 ), ( 72 71 71 ), ( 248 251 ), ( 163 ), ( 167 136 ), ( 137 375 76 71 ), ( 182 2 176 ), ( 129 286 ), ( 150 4 4 251 15 )
( 86 79 286 2 21 ), ( 222 ), ( 38 ), ( 9 ), ( 29 ), ( 9 ), ( 22 28 ), ( 75 )
( 26 30 73 ), ( 40 ), ( 22 ), ( 121 ), ( 77 ), ( 42 124 ), ( 68 79 ), ( 59 39 ), ( 120 84 73 ), ( 54 321 ), ( 129 2 329 ), ( 75 40 )
( 86 2 3 ), ( 310 ), ( 20 255 ), ( 137 427 ), ( 254 ), ( 137 428 71 71 ), ( 44 ), ( 13 ), ( 13 ), ( 13 )
( 205 97 ), ( 380 ), ( 20 ), ( 214 ), ( 208 242 ), ( 345 ), ( 101 ), ( 111 ), ( 75 ), ( 429 ), ( 217 ), ( 430 ), ( 3 101 113 ), ( 101 2 418 111 ), ( 101 205 ), ( 345 431 ), ( 109 101 ), ( 212 430 ), ( 114 115 101 ), ( 101 )
( 119 ), ( 50 ), ( 2 135 ), ( 107 ), ( 135 ), ( 47 53 ), ( 66 137 ), ( 38 53 ), ( 71 71 79 ), ( 41 53 ), ( 71 71 374 ), ( 98 53 ), ( 73 27 ), ( 53 75 ), ( 125 ), ( 43 48 ), ( 120 69 76 329 ), ( 432 )
( 86 79 194 71 71 37 ), ( 9 ), ( 39 40 ), ( 2 210 ), ( 59 60 40 ), ( 273 9 ), ( 51 ), ( 75 ), ( 44 40 ), ( 26 226 ), ( 144 ), ( 223 44 )
( 174 42 56 ), ( 66 ), ( 69 ), ( 25 313 ), ( 135 ), ( 127 ), ( 79 2 71 71 ), ( 71 71 ), ( 44 ), ( 22 134 ), ( 126 84 137 ), ( 293 123 ), ( 71 71 433 77 ), ( 434 86 66 )
( 71 71 27 73 1 ), ( 85 ), ( 4 4 ), ( 263 44 ), ( 4 ), ( 74 ), ( 2 19 ), ( 400 78 70 ), ( 166 16 1 ), ( 262 43 ), ( 181 100 ), ( 261 70 78 ), ( 4 ), ( 266 257 78 ), ( 176 100 4 ), ( 266 262 257 78 317 ), ( 150 17 165 ), ( 267 78 ), ( 201 ), ( 78 259 )
( 4 4 145 68 ), ( 85 ), ( 76 ), ( 78 ), ( 137 13 ), ( 44 ), ( 84 66 ), ( 314 2 317 ), ( 163 ), ( 67 317 85 ), ( 27 22 ), ( 104 )
( 86 77 86 ), ( 25 ), ( 2 42 44 ), ( 28 ), ( 37 ), ( 29 ), ( 40 ), ( 20 28 ), ( 44 ), ( 24 28 ), ( 27 ), ( 28 ), ( 54 40 )
( 38 23 35 380 ), ( 20 ), ( 420 ), ( 113 ), ( 214 2 151 ), ( 3 20 337 ), ( 435 381 112 ), ( 111 115 ), ( 417 101 ), ( 101 ), ( 419 )
( 119 ), ( 150 2 16 ), ( 37 ), ( 145 ), ( 59 234 42 121 121 ), ( 4 4 ), ( 40 ), ( 1 4 ), ( 37 40 ), ( 11 ), ( 13 ), ( 4 4 ), ( 75 42 44 ), ( 165 4 4 ), ( 51 ), ( 167 165 ), ( 13 45 ), ( 177 19 ), ( 121 121 54 40 ), ( 166 166 4 ), ( 174 44 ), ( 342 7 4 4 ), ( 39 58 174 40 ), ( 201 ), ( 51 40 ), ( 436 17 4 4 ), ( 45 221 40 ), ( 4 177 ), ( 124 54 ), ( 145 437 4 328 ), ( 39 58 59 60 40 ), ( 7 327 150 4 ), ( 56 40 ), ( 16 13 4 )
( 56 132 132 ), ( 52 ), ( 68 ), ( 38 2 50 ), ( 68 44 ), ( 47 53 ), ( 71 71 159 ), ( 102 ), ( 158 438 69 ), ( 75 ), ( 163 ), ( 46 )
( 50 47 73 79 86 ), ( 20 42 178 ), ( 3 ), ( 121 ), ( 2 44 ), ( 439 ), ( 112 3 ), ( 203 ), ( 217 ), ( 54 40 ), ( 208 112 101 ), ( 59 344 ), ( 75 101 ), ( 440 40 ), ( 103 101 ), ( 62 40 )
( 111 115 205 ), ( 2 37 ), ( 267 ), ( 39 ), ( 83 ), ( 44 ), ( 85 259 ), ( 59 ), ( 80 78 ), ( 44 40 ), ( 81 78 ), ( 144 ), ( 261 74 317 ), ( 40 ), ( 124 78 ), ( 441 )
( 265 266 263 257 69 ), ( 2 21 ), ( 68 ), ( 28 ), ( 44 ), ( 29 ), ( 76 66 ), ( 23 ), ( 137 135 406 ), ( 75 ), ( 79 71 71 22 )
( 22 30 ), ( 22 ), ( 2 67 ), ( 77 76 ), ( 78 ), ( 137 394 69 ), ( 74 ), ( 27 ), ( 306 ), ( 163 ), ( 317 27 ), ( 71 71 66 ), ( 350 82 ), ( 137 73 84 380 ), ( 314 78 ), ( 68 71 71 ), ( 398 257 ), ( 73 71 ), ( 78 104 442 ), ( 72 125 329 ), ( 114 442 ), ( 185 141 71 71 ), ( 81 442 85 ), ( 129 190 286 ), ( 80 442 321 ), ( 86 86 71 71 ), ( 213 395 ), ( 135 86 86 ), ( 43 442 ), ( 86 71 71 79 ), ( 75 442 ), ( 86 86 71 71 ), ( 259 442 )
( 86 86 79 324 ), ( 3 ), ( 22 ), ( 101 ), ( 29 ), ( 44 ), ( 23 25 ), ( 443 )
( 63 2 30 24 ), ( 40 ), ( 21 ), ( 45 ), ( 23 ), ( 45 ), ( 44 ), ( 59 ), ( 63 2 29 ), ( 444 ), ( 23 61 28 ), ( 144 ), ( 28 34 ), ( 43 )
( 28 35 1 ), ( 107 ), ( 1 ), ( 156 48 ), ( 150 150 2 4 4 ), ( 44 ), ( 4 182 ), ( 38 49 53 ), ( 165 ), ( 118 53 ), ( 11 100 ), ( 107 53 ), ( 145 44 ), ( 102 26 53 ), ( 16 4 4 13 ), ( 57 ), ( 181 100 4 4 ), ( 179 46 ), ( 52 50 47 176 182 4 ), ( 53 ), ( 145 445 4 4 ), ( 53 55 ), ( 4 11 ), ( 118 53 ), ( 166 4 4 ), ( 53 50 160 179 ), ( 57 4 4 ), ( 53 156 46 )
( 326 176 69 ), ( 9 ), ( 135 ), ( 222 ), ( 73 137 ), ( 12 ), ( 158 66 ), ( 103 ), ( 71 71 69 79 ), ( 217 ), ( 446 71 71 ), ( 226 223 164 ), ( 129 2 157 ), ( 9 75 )
( 86 86 100 9 ), ( 9 ), ( 273 ), ( 10 ), ( 12 ), ( 226 ), ( 217 ), ( 221 273 ), ( 9 220 ), ( 9 210 ), ( 9 27 ), ( 415 75 ), ( 6 9 223 ), ( 114 9 ), ( 230 225 ), ( 225 217 ), ( 9 221 222 ), ( 9 12 2 103 ), ( 26 87 8 78 ), ( 9 ), ( 124 205 ), ( 212 230 ), ( 228 229 ), ( 124 9 ), ( 224 43 ), ( 224 321 276 222 ), ( 226 229 75 ), ( 27 187 100 ), ( 229 103 ), ( 43 9 ), ( 229 10 )
( 228 26 66 ), ( 66 ), ( 137 100 ), ( 135 ), ( 71 71 ), ( 135 73 ), ( 310 71 71 ), ( 44 ), ( 192 71 71 ), ( 69 157 71 71 ), ( 124 ), ( 2 43 ), ( 43 ), ( 71 71 27 ), ( 447 ), ( 137 76 71 71 86 ), ( 44 44 86 71 71 313 ), ( 129 79 )
( 75 71 71 ), ( 273 ), ( 3 ), ( 9 ), ( 2 179 ), ( 225 ), ( 180 52 ), ( 75 ), ( 26 53 ), ( 6 8 230 ), ( 27 ), ( 43 ), ( 43 ), ( 321 8 210 ), ( 41 102 ), ( 224 205 9 ), ( 46 ), ( 50 47 ), ( 52 53 ), ( 276 9 ), ( 41 160 3 47 ), ( 226 187 ), ( 53 162 55 ), ( 9 114 ), ( 98 53 ), ( 12 220 9 ), ( 53 50 )
( 9 27 ), ( 137 ), ( 68 ), ( 448 ), ( 142 255 2 88 ), ( 77 ), ( 269 ), ( 44 ), ( 156 206 255 ), ( 185 79 ), ( 88 271 93 ), ( 13 449 ), ( 44 88 )
( 313 137 71 71 ), ( 150 ), ( 40 ), ( 4 4 ), ( 40 ), ( 2 173 ), ( 178 40 ), ( 16 4 ), ( 59 ), ( 75 ), ( 124 ), ( 167 16 4 4 ), ( 27 45 ), ( 7 4 ), ( 62 40 42 75 ), ( 11 167 ), ( 54 40 ), ( 43 4 4 ), ( 75 59 ), ( 173 4 1 ), ( 51 40 )
( 4 17 11 20 101 337 103 44 ), ( 9 2 3 14 258 ), ( 205 242 ), ( 8 8 20 9 )
( 112 1 ), ( 20 ), ( 145 ), ( 32 ), ( 149 ), ( 23 ), ( 166 ), ( 38 23 ), ( 165 ), ( 64 ), ( 7 4 4 ), ( 27 28 ), ( 166 4 4 ), ( 63 30 5 ), ( 165 4 ), ( 28 20 134 ), ( 176 4 ), ( 28 )
( 19 4 100 ), ( 40 ), ( 145 ), ( 40 ), ( 2 173 ), ( 44 ), ( 17 150 ), ( 54 ), ( 4 4 145 ), ( 44 40 ), ( 4 4 166 ), ( 450 121 ), ( 182 13 ), ( 174 40 ), ( 16 176 16 ), ( 51 40 ), ( 167 166 1 ), ( 316 114 ), ( 177 19 4 4 )
( 54 56 ), ( 66 2 73 ), ( 53 ), ( 68 ), ( 31 ), ( 71 71 135 ), ( 102 ), ( 76 ), ( 38 146 146 ), ( 135 79 ), ( 20 162 ), ( 163 ), ( 5 20 160 87 )
( 194 194 329 86 ), ( 2 20 ), ( 39 ), ( 20 ), ( 44 ), ( 38 ), ( 54 ), ( 53 ), ( 13 ), ( 171 ), ( 51 ), ( 46 )
( 47 50 56 42 132 42 132 ), ( 100 ), ( 88 ), ( 107 )
( 254 44 75 44 88 43 72 ), ( 100 2 53 ), ( 88 ), ( 41 ), ( 225 ), ( 53 ), ( 91 88 ), ( 75 ), ( 184 136 ), ( 98 53 ), ( 293 298 255 293 97 ), ( 102 116 ), ( 294 293 97 52 ), ( 315 ), ( 293 99 298 293 136 ), ( 102 118 ), ( 13 212 255 ), ( 43 53 ), ( 116 88 90 93 ), ( 118 316 53 ), ( 293 300 301 293 ), ( 57 53 )
( 212 300 294 293 22 ), ( 22 ), ( 22 ), ( 185 ), ( 34 77 65 21 ), ( 66 120 2 ), ( 33 30 38 ), ( 13 ), ( 64 ), ( 310 120 77 311 ), ( 61 64 ), ( 43 ), ( 63 140 ), ( 185 79 313 71 71 ), ( 43 28 )
( 86 ), ( 73 ), ( 2 33 ), ( 137 155 ), ( 25 ), ( 71 71 ), ( 31 ), ( 185 141 ), ( 26 28 ), ( 68 135 71 71 ), ( 20 29 ), ( 44 71 71 ), ( 23 ), ( 71 71 76 ), ( 38 134 28 ), ( 129 79 )
( 25 32 35 31 ), ( 2 73 69 ), ( 107 ), ( 135 ), ( 41 ), ( 76 ), ( 118 ), ( 68 73 71 71 ), ( 53 ), ( 66 71 71 ), ( 46 ), ( 48 50 49 86 71 71 ), ( 46 ), ( 43 ), ( 118 160 36 ), ( 129 286 )
( 162 20 41 150 182 ), ( 9 ), ( 368 251 ), ( 2 210 ), ( 17 ), ( 9 273 ), ( 232 4 4 ), ( 27 ), ( 114 ), ( 227 451 ), ( 16 114 ), ( 226 220 ), ( 150 7 16 7 ), ( 9 114 ), ( 181 4 4 ), ( 351 223 212 ), ( 221 4 4 182 ), ( 217 230 ), ( 248 374 4 4 )
( 187 353 9 163 20 ), ( 37 )
( 254 255 205 13 205 100 ), ( 100 ), ( 4 4 ), ( 273 2 6 ), ( 145 ), ( 273 452 ), ( 145 177 ), ( 9 222 ), ( 13 ), ( 75 ), ( 181 ), ( 124 ), ( 167 173 ), ( 372 9 ), ( 166 4 4 ), ( 275 ), ( 201 )
( 26 236 ), ( 2 22 ), ( 107 ), ( 28 ), ( 41 ), ( 63 33 ), ( 44 ), ( 140 ), ( 47 44 ), ( 34 23 ), ( 46 ), ( 50 52 47 64 ), ( 41 258 53 )
( 30 ), ( 2 123 ), ( 9 ), ( 3 ), ( 10 ), ( 255 97 ), ( 9 ), ( 88 90 ), ( 27 ), ( 27 ), ( 164 223 ), ( 72 91 ), ( 187 100 ), ( 3 254 255 97 ), ( 210 12 ), ( 300 376 205 ), ( 9 75 ), ( 44 254 20 ), ( 9 114 ), ( 376 20 ), ( 222 6 43 ), ( 88 264 93 ), ( 224 212 ), ( 88 264 93 ), ( 124 225 ), ( 75 44 ), ( 276 217 ), ( 88 90 205 ), ( 220 228 )
( 300 91 ), ( 152 ), ( 152 152 2 89 ), ( 89 ), ( 268 ), ( 41 ), ( 95 ), ( 98 ), ( 95 53 ), ( 94 53 ), ( 118 ), ( 155 89 )
( 246 89 153 ), ( 37 ), ( 2 67 ), ( 42 13 ), ( 81 ), ( 37 40 ), ( 85 70 ), ( 124 ), ( 267 317 70 ), ( 174 40 ), ( 104 ), ( 51 ), ( 75 442 ), ( 59 60 44 ), ( 114 442 ), ( 59 60 54 121 121 ), ( 80 75 ), ( 51 40 ), ( 198 67 ), ( 221 44 40 ), ( 43 442 317 ), ( 54 45 40 ), ( 74 442 81 )
( 39 58 56 40 66 ), ( 2 37 ), ( 137 ), ( 39 175 ), ( 316 68 73 ), ( 39 40 ), ( 71 71 69 ), ( 124 ), ( 120 135 ), ( 144 ), ( 84 79 ), ( 45 59 40 )
( 125 ), ( 258 ), ( 1 ), ( 20 ), ( 145 ), ( 108 ), ( 182 1 ), ( 5 160 ), ( 173 ), ( 102 25 ), ( 142 4 4 ), ( 26 53 404 ), ( 19 ), ( 41 402 53 ), ( 166 4 ), ( 38 53 ), ( 16 150 4 4 182 ), ( 53 134 ), ( 16 165 4 4 ), ( 53 ), ( 4 7 ), ( 31 5 53 26 ), ( 11 4 4 17 )
( 453 31 53 ), ( 164 ), ( 366 ), ( 9 ), ( 2 316 ), ( 210 ), ( 196 4 4 ), ( 6 225 ), ( 197 150 )
( 124 ), ( 100 ), ( 20 ), ( 20 ), ( 208 ), ( 91 ), ( 101 ), ( 88 90 100 ), ( 75 ), ( 44 148 ), ( 105 ), ( 3 5 3 ), ( 109 ), ( 5 88 ), ( 114 117 ), ( 315 ), ( 337 205 112 ), ( 346 2 75 ), ( 133 101 )
( 454 88 ), ( 2 37 ), ( 53 ), ( 45 ), ( 395 53 ), ( 37 40 ), ( 41 ), ( 54 ), ( 75 ), ( 59 60 40 ), ( 118 107 ), ( 44 40 ), ( 27 53 ), ( 44 40 ), ( 109 53 )
( 132 40 150 ), ( 3 ), ( 182 ), ( 123 112 ), ( 2 44 ), ( 31 ), ( 100 4 4 ), ( 205 ), ( 248 251 ), ( 218 216 ), ( 4 4 248 ), ( 38 218 )
( 251 75 4 4 ), ( 2 47 50 ), ( 22 ), ( 107 ), ( 23 33 ), ( 38 36 )
( 35 22 22 ), ( 101 ), ( 120 ), ( 455 2 166 ), ( 71 71 126 ), ( 101 ), ( 81 71 71 ), ( 11 ), ( 127 128 ), ( 113 455 ), ( 396 123 ), ( 43 ), ( 323 71 71 ), ( 101 166 ), ( 81 122 71 71 ), ( 201 ), ( 129 127 ), ( 113 101 111 ), ( 213 ), ( 151 112 243 )
( 72 86 79 79 ), ( 3 ), ( 88 ), ( 20 25 ), ( 255 206 ), ( 25 97 ), ( 2 75 ), ( 44 255 5 ), ( 123 254 ), ( 88 ), ( 3 205 ), ( 5 148 88 ), ( 13 97 ), ( 20 88 ), ( 3 206 88 ), ( 205 88 )
( 205 88 28 ), ( 4 4 ), ( 134 ), ( 166 ), ( 26 28 ), ( 343 16 4 ), ( 31 28 ), ( 19 ), ( 24 29 324 ), ( 13 4 ), ( 63 22 28 ), ( 165 ), ( 24 ), ( 4 )
( 63 23 28 69 ), ( 25 ), ( 66 66 ), ( 38 ), ( 120 ), ( 2 44 ), ( 68 69 ), ( 23 61 ), ( 86 ), ( 238 28 ), ( 27 ), ( 27 ), ( 43 ), ( 75 25 ), ( 71 71 84 79 ), ( 43 ), ( 129 79 )
( 38 63 65 61 ), ( 66 ), ( 35 ), ( 22 ), ( 23 ), ( 77 137 279 ), ( 61 34 ), ( 72 71 71 ), ( 75 ), ( 27 ), ( 357 ), ( 2 43 ), ( 33 44 ), ( 84 71 71 ), ( 64 28 ), ( 44 73 71 71 ), ( 20 30 28 26 ), ( 125 79 ), ( 29 28 ), ( 129 79 286 )
( 456 ), ( 150 16 ), ( 4 4 ), ( 145 ), ( 368 251 ), ( 17 ), ( 136 2 366 ), ( 173 16 ), ( 4 4 136 ), ( 166 4 4 ), ( 104 ), ( 11 4 4 ), ( 176 ), ( 4 166 ), ( 19 249 249 ), ( 165 4 4 ), ( 248 16 249 249 250 16 )
