1 4 7 11 13 15 16 17 19 
2 3 5 6 8 9 10 12 14 18 
20 21 22 23 26 27 28 29 33 34 35 
2 20 22 24 25 26 28 30 31 32 
13 37 39 40 42 43 45 47 48 49 50 51 54 56 58 59 60 
2 36 38 41 44 46 47 50 52 53 55 57 
20 23 29 35 38 47 48 49 50 61 62 63 64 65 
2 20 26 36 41 44 46 47 50 53 
22 27 44 66 68 69 71 72 73 76 77 79 84 86 
2 26 67 70 74 75 78 80 81 82 83 85 
41 71 87 89 92 94 95 98 
2 13 88 90 91 93 96 97 99 
3 20 44 75 101 103 105 109 111 112 113 114 115 117 119 
2 26 38 41 43 53 57 100 102 104 106 107 108 110 116 118 
22 71 72 79 81 86 120 122 123 124 125 126 127 128 129 130 131 
2 13 37 39 40 43 45 56 62 75 121 124 132 
20 24 43 44 101 105 111 133 
2 22 24 25 26 28 32 33 68 69 134 
2 22 27 69 71 73 76 77 84 86 120 129 135 137 138 139 141 
20 22 23 26 28 34 35 64 75 136 140 
13 39 40 42 44 54 56 59 60 121 132 144 
38 41 44 47 53 98 100 102 107 142 143 
2 4 7 11 15 16 145 149 150 
25 44 88 97 146 147 148 
9 87 89 95 112 151 152 153 154 155 
2 70 74 78 80 81 
44 66 68 69 71 73 79 129 135 137 156 157 158 159 161 163 
2 20 26 36 41 44 46 47 50 52 53 55 75 102 160 162 
1 4 7 11 13 15 16 17 145 149 150 165 166 167 168 169 170 173 
2 26 27 41 43 53 75 98 100 107 108 116 118 164 171 172 
1 4 7 11 16 17 19 43 145 149 165 166 167 176 177 
25 27 37 38 40 42 44 45 54 56 59 132 174 175 178 
20 22 24 26 28 31 32 35 134 
2 20 36 41 44 47 50 53 107 160 
1 2 4 13 16 17 47 48 50 52 100 145 150 165 166 167 176 181 182 
3 20 27 38 41 46 47 50 53 57 179 180 
1 2 4 7 11 13 15 16 19 42 60 145 149 150 166 168 183 
13 37 40 42 51 54 56 59 75 121 124 132 175 
27 44 68 71 84 120 135 185 
2 44 88 96 184 186 187 
2 39 40 42 43 44 45 54 75 174 
5 23 24 25 26 28 29 34 38 188 189 
43 44 69 71 72 73 76 77 129 135 137 163 185 190 191 194 
2 13 22 66 71 75 79 120 125 137 139 192 193 
2 20 21 22 23 26 27 28 30 33 34 38 43 44 61 63 64 65 140 202 203 204 
4 15 16 17 75 150 165 167 176 195 196 197 198 199 200 201 
3 20 24 44 114 148 205 206 
2 22 24 25 26 28 29 35 38 
44 66 68 71 72 76 77 79 84 86 122 135 163 
2 22 71 120 122 124 126 127 128 207 
2 3 43 44 75 101 103 105 109 112 113 114 115 119 126 133 205 208 209 
11 13 22 71 79 122 124 125 149 210 211 212 213 
20 44 75 101 111 113 114 115 208 217 
2 20 100 101 105 111 214 215 216 218 219 
6 9 10 26 27 47 49 50 124 164 187 210 212 217 220 221 222 223 224 225 226 227 228 229 230 
2 20 26 36 41 43 44 46 47 50 52 53 55 57 75 107 118 162 
20 101 103 112 119 208 
2 75 231 232 
2 13 37 39 40 42 51 54 174 
21 22 23 29 30 34 64 233 
13 37 39 40 42 43 44 45 56 59 121 124 132 234 
2 101 105 111 112 113 205 208 214 
13 39 40 44 45 54 59 121 174 234 
2 27 36 38 44 47 52 53 102 107 
9 187 210 220 225 230 
37 38 40 44 45 59 132 178 
2 3 20 43 44 101 112 119 133 208 
71 76 79 131 156 211 224 235 236 
20 21 22 23 27 28 29 30 33 61 63 64 237 
2 37 40 42 45 54 114 144 221 
22 27 43 44 66 68 71 72 76 77 79 84 86 120 125 135 137 163 194 238 239 241 
1 2 4 7 11 13 16 19 145 149 150 166 167 173 177 197 240 
2 4 7 11 13 15 16 43 75 149 165 167 168 197 243 
20 27 44 101 105 111 113 214 216 219 221 242 
94 95 153 155 244 245 246 
2 23 24 61 63 
2 8 9 10 12 27 43 75 103 205 212 217 224 225 228 229 
4 16 19 27 75 104 136 165 167 176 232 247 248 249 250 251 
23 25 28 30 32 35 134 
2 20 40 132 142 175 252 253 
2 20 43 44 88 123 254 255 
78 
70 74 78 80 81 257 259 260 261 262 263 265 266 267 
2 25 44 88 90 97 134 206 256 258 264 
28 87 112 151 152 153 155 244 268 
2 37 40 54 59 87 
2 44 68 88 90 91 97 156 159 206 255 264 269 271 
3 5 6 9 10 12 18 44 124 222 226 227 230 270 272 273 274 275 276 
2 22 71 79 81 122 123 124 126 127 130 213 277 278 
27 41 44 53 102 116 118 124 205 
2 4 7 11 19 114 145 149 166 167 
6 9 43 205 223 228 279 280 281 282 283 
43 66 68 69 71 73 86 129 135 137 156 158 159 284 285 286 
2 5 8 9 10 18 75 114 187 194 273 275 276 282 287 
2 20 23 26 27 28 30 33 38 61 140 
44 68 76 88 97 158 205 286 288 289 
22 44 66 68 69 71 73 77 137 157 290 
2 20 27 36 38 44 53 55 
2 4 13 72 87 88 91 93 97 99 136 212 224 255 293 294 298 300 301 
14 23 26 28 30 140 188 204 237 291 292 295 296 297 299 302 303 304 305 306 
39 40 42 45 56 59 121 174 234 
2 21 23 30 31 33 34 61 140 307 
13 88 90 91 97 99 136 224 255 293 294 298 300 
2 6 9 10 12 26 27 44 164 205 210 221 226 273 308 
3 13 20 43 44 50 88 91 97 254 255 
2 43 44 71 77 79 143 309 310 311 312 313 
70 74 78 80 81 85 124 257 261 262 263 265 266 267 317 
74 75 78 80 85 104 213 260 314 315 316 318 
6 9 10 12 27 103 114 187 205 210 220 222 223 226 
2 13 26 43 71 87 95 104 105 113 205 214 319 320 321 322 
66 68 69 71 73 76 135 157 163 185 286 
71 79 86 120 123 126 127 130 131 323 
2 37 40 42 44 51 54 59 132 174 233 234 325 
5 22 26 28 30 31 32 38 324 
1 4 11 13 16 17 100 145 150 165 166 167 173 181 182 201 326 327 328 
2 3 5 20 44 72 75 88 91 99 103 114 123 205 206 212 217 254 255 
22 71 79 81 86 120 122 126 127 128 130 213 
43 44 66 71 73 137 185 193 310 311 313 329 330 
20 22 23 26 28 44 77 140 202 
2 22 71 75 185 312 
1 2 4 7 13 16 19 43 114 145 150 165 166 167 168 332 
26 27 38 41 43 44 53 98 102 107 108 116 118 172 212 221 331 
13 72 87 88 90 91 93 97 99 101 136 212 221 224 255 293 294 298 300 301 333 
2 40 42 43 44 45 54 59 121 144 221 
20 22 23 24 25 28 30 31 32 35 
2 71 79 86 120 137 310 311 312 334 335 
2 3 5 13 20 43 72 75 88 91 97 114 205 206 254 
37 39 40 42 44 45 51 54 58 59 121 124 144 174 
3 20 77 101 105 109 112 113 119 205 208 217 242 337 
2 22 27 69 71 73 77 79 84 86 135 156 158 241 286 336 
1 2 4 7 11 17 75 149 165 167 197 
44 68 69 74 76 78 85 338 339 340 
13 27 37 39 40 42 44 51 54 124 174 
2 4 13 16 19 149 150 165 166 167 177 
2 44 66 68 69 71 72 79 120 125 135 163 
27 43 44 101 105 112 113 133 205 214 219 
2 21 27 66 68 69 71 73 76 79 120 125 135 137 185 329 341 
66 68 71 73 79 84 120 135 142 157 158 211 
3 20 88 91 97 123 221 254 255 
2 37 39 40 43 44 121 174 
2 13 37 39 40 42 43 44 45 51 54 56 58 59 60 121 124 174 221 234 
4 7 16 39 43 58 75 114 121 124 150 165 167 176 177 232 342 343 
2 13 37 39 40 42 44 51 59 121 132 144 174 221 234 344 
37 39 40 42 43 44 45 54 58 59 121 
2 13 37 39 44 56 132 144 
40 42 44 45 
142 150 166 182 
22 34 61 345 
2 3 20 44 47 50 52 75 88 99 205 206 255 346 
27 38 41 46 47 53 107 162 172 
20 23 24 25 28 30 31 32 35 38 134 324 
40 62 144 174 347 
4 87 92 94 95 98 155 245 268 
2 88 91 97 224 255 293 294 298 300 348 
1 2 4 11 13 16 17 19 86 100 109 114 145 150 165 166 167 173 181 182 201 326 354 
43 70 74 75 78 80 81 82 83 114 129 163 227 241 289 314 317 329 349 350 351 352 353 355 356 357 358 359 
22 66 69 71 72 73 76 77 79 86 120 135 137 185 190 360 361 
2 38 44 53 55 75 98 102 107 108 110 116 118 205 362 
27 44 69 71 73 79 84 
2 28 29 33 38 296 
2 20 22 28 29 30 33 34 35 44 63 140 
13 44 66 71 79 86 120 137 193 253 310 312 313 
2 20 21 22 24 28 29 30 33 35 38 43 61 63 64 140 
41 44 53 57 102 107 118 221 306 355 
27 43 44 66 68 69 71 72 73 77 79 84 120 135 137 185 363 364 
2 38 41 53 55 68 73 76 102 118 141 156 162 338 
4 13 17 114 145 150 167 182 
2 81 85 262 263 266 267 317 365 
1 2 4 7 11 13 15 16 17 19 43 114 145 149 150 165 166 173 
1 4 7 11 13 16 17 27 100 145 150 165 166 167 176 366 367 
2 13 37 40 42 44 51 54 56 121 124 132 174 344 
4 15 19 150 167 176 181 248 251 368 
4 15 16 17 19 149 150 173 
2 5 25 26 28 32 35 63 189 
2 6 9 10 26 27 43 75 100 103 124 164 187 205 210 212 217 220 222 224 225 227 230 273 276 351 353 372 
2 13 88 90 91 93 97 99 206 212 255 300 348 359 369 370 371 
2 5 22 24 28 29 31 38 63 134 324 
27 36 38 41 44 52 53 57 107 162 
4 7 11 13 16 19 43 145 165 166 167 
2 13 43 44 68 71 79 135 137 141 142 156 158 190 373 374 375 
3 13 20 43 44 72 75 88 91 97 114 123 148 205 254 346 
4 7 11 13 145 150 165 177 342 366 
2 22 43 68 69 71 73 79 120 135 137 157 163 185 194 324 
4 7 16 17 19 145 165 166 181 182 210 
13 37 39 40 42 44 54 56 58 59 60 124 132 144 174 344 
2 43 67 70 74 75 78 81 314 317 350 
1 2 4 11 17 145 150 166 
22 25 28 32 38 
2 13 27 37 40 42 54 56 59 60 121 132 174 
13 72 75 88 90 91 96 97 206 255 264 300 376 
1 2 4 11 15 16 43 145 149 150 165 166 168 173 
6 9 27 75 164 210 221 222 226 228 230 280 282 
3 20 43 44 75 101 111 208 337 
2 5 9 10 12 14 18 20 38 43 205 272 279 377 
2 13 37 39 40 42 44 51 54 56 59 121 132 234 
3 25 44 88 91 148 205 255 378 
21 22 26 28 29 30 33 34 43 44 61 64 203 209 379 
2 13 22 44 66 71 77 79 120 129 137 185 310 311 312 313 
89 95 101 112 152 154 244 380 381 382 
2 13 20 101 111 112 218 381 
21 22 24 26 27 28 29 33 61 63 64 140 202 203 
1 2 4 16 17 75 145 149 164 176 342 367 
13 20 44 72 75 88 91 99 123 148 206 254 
2 4 7 16 81 100 136 150 199 260 383 384 
1 4 7 13 17 19 77 149 150 165 167 173 243 385 388 
2 13 22 43 66 71 79 86 120 185 309 310 312 313 378 379 386 387 
20 21 26 27 30 33 43 44 61 65 140 202 203 237 
2 3 5 9 18 20 25 26 38 205 222 272 279 377 389 
2 43 66 68 69 71 73 79 135 156 158 159 194 
11 41 53 102 116 169 171 390 
41 53 81 92 116 128 155 179 268 332 
4 16 150 165 391 392 
13 37 39 40 42 43 44 51 54 56 58 59 75 121 124 132 174 234 
2 27 43 67 70 78 83 85 142 257 267 365 393 394 
22 34 71 81 120 122 125 126 127 128 323 
2 21 22 23 28 29 30 38 64 233 
6 9 10 12 26 27 100 103 124 126 164 205 212 217 222 224 225 227 273 276 351 395 
2 22 71 72 75 79 81 86 120 122 124 125 127 128 129 130 187 260 277 323 396 
70 74 78 81 85 124 257 259 260 261 262 263 265 266 267 317 
74 75 78 80 81 85 124 201 257 267 350 397 398 
1 2 4 16 47 50 145 149 166 167 177 
44 46 52 53 162 258 
2 20 22 24 28 29 30 35 134 324 
9 210 212 223 226 280 
20 22 24 26 28 29 30 31 134 
2 13 44 88 91 93 146 206 255 264 
2 23 26 28 29 30 33 35 38 43 63 
37 40 51 54 121 174 
22 71 72 79 81 86 120 122 123 126 127 128 130 212 213 323 
2 3 5 9 10 26 43 44 205 228 272 279 377 389 
2 66 69 71 73 79 84 129 135 141 158 
4 75 165 181 343 366 399 
4 11 13 16 17 19 100 166 176 
2 43 44 70 74 78 81 257 261 262 263 266 317 400 
20 22 23 24 28 29 30 31 32 134 324 
13 38 71 79 120 137 185 195 310 
1 4 7 11 13 15 16 17 43 49 50 114 145 149 150 165 166 168 176 332 
2 5 26 36 41 44 46 47 50 52 53 102 107 108 118 160 319 401 402 403 404 
2 17 100 
37 175 
2 20 21 22 27 28 29 33 34 35 38 43 63 64 203 
44 69 71 73 76 79 84 86 135 137 156 190 312 405 406 
70 74 78 80 81 85 124 257 259 260 261 262 263 265 266 267 317 
26 38 47 53 57 98 102 116 118 156 172 
20 21 23 24 28 34 35 61 63 65 140 407 
2 20 38 41 44 48 50 53 55 107 118 
2 43 66 69 71 72 79 84 86 135 185 
20 38 41 47 52 53 102 107 162 
2 20 44 75 105 112 119 208 242 
75 88 206 255 346 408 
2 44 66 69 71 76 77 135 185 
5 20 24 25 26 28 29 32 189 202 258 
43 66 68 73 79 84 86 137 158 409 410 
2 72 88 97 136 224 255 293 294 298 301 
21 22 27 28 29 30 33 34 38 
2 5 23 25 28 38 63 134 189 202 
2 55 87 152 153 246 268 
41 55 89 244 246 268 
13 22 66 71 77 79 86 120 125 185 310 311 312 313 411 
2 5 25 26 31 38 43 53 98 102 118 258 402 412 
1 2 4 7 11 24 75 149 150 
5 22 23 25 26 28 29 30 32 35 
4 15 136 150 165 251 
2 3 20 205 272 273 
2 6 9 75 124 205 210 222 223 224 230 280 282 413 
13 37 39 40 42 43 44 45 51 54 58 59 121 132 144 
2 13 37 40 45 51 54 56 59 77 121 124 221 234 
13 22 44 66 71 79 86 129 137 193 311 313 334 414 
13 37 39 40 43 56 121 124 132 174 221 
2 3 6 8 9 12 18 43 114 205 272 282 389 415 
2 6 8 9 10 12 26 27 43 47 49 50 75 103 217 220 221 223 224 225 230 273 416 
20 27 36 38 43 46 47 48 52 53 57 102 107 118 162 
37 39 40 44 45 51 54 59 132 174 234 325 
2 38 101 208 218 380 417 418 419 420 
2 22 71 72 79 86 120 122 123 124 126 127 128 129 130 131 187 213 277 323 396 
3 5 8 9 10 18 20 38 43 205 226 272 279 281 287 377 
3 20 44 47 48 49 50 101 103 105 111 112 113 119 133 208 217 337 
2 26 38 41 43 44 46 47 50 52 53 55 57 102 107 162 
2 20 21 22 27 29 33 34 35 140 203 422 
88 136 206 255 298 301 421 
20 44 101 105 217 
2 26 27 74 78 81 257 266 317 423 
20 22 27 140 
1 2 4 7 11 13 15 16 17 19 145 150 165 166 167 
4 7 11 13 17 145 149 150 166 176 240 
20 23 25 28 30 32 
2 41 48 53 162 
2 13 72 88 90 91 93 97 99 136 212 225 255 293 294 298 300 301 
13 44 88 90 91 93 97 99 124 184 206 212 255 264 294 300 370 376 424 425 
150 250 251 368 
108 268 
2 10 220 
66 137 185 310 311 420 426 
2 20 21 23 26 27 28 29 33 44 63 140 202 
5 8 9 10 14 20 25 205 258 272 372 
69 71 72 76 77 79 86 129 135 137 163 286 296 375 
2 4 15 16 68 69 136 150 167 176 182 232 248 251 
2 21 22 26 28 29 30 38 
9 75 222 
2 22 68 73 77 79 84 86 120 129 329 
39 40 42 54 59 75 121 124 321 
2 3 13 20 44 97 205 254 255 
13 71 137 310 427 428 
3 20 75 101 109 113 114 115 119 205 208 217 242 
2 101 111 212 214 345 380 418 429 430 431 
2 27 66 69 71 73 76 79 86 120 125 135 137 194 329 374 
38 41 43 47 48 50 53 75 98 107 432 
37 39 40 42 44 51 56 59 60 144 174 
2 9 26 44 75 210 223 226 273 
2 27 44 69 71 73 77 79 84 126 135 137 433 
22 25 66 71 86 123 127 134 293 313 434 
1 2 4 16 17 19 100 145 150 165 166 176 181 201 
43 44 70 74 78 85 257 259 261 262 263 266 267 317 400 
13 22 27 66 68 76 77 84 86 137 163 
2 44 67 78 85 104 314 317 
2 27 37 40 42 44 54 
20 23 24 25 28 29 35 38 
3 20 101 111 113 115 119 337 
2 101 112 151 214 380 381 417 419 420 435 
13 37 39 40 42 44 45 51 54 56 58 59 60 75 121 124 132 174 221 234 
1 2 4 7 11 13 16 17 19 145 150 165 166 167 177 201 327 328 342 436 437 
44 47 50 68 69 71 73 79 86 158 159 163 438 
2 38 46 47 50 52 53 75 102 
2 3 44 75 101 103 111 112 115 205 208 217 
20 40 42 54 59 62 121 178 203 344 439 440 
74 78 80 81 83 85 124 257 259 261 263 265 266 267 317 
2 37 39 40 44 59 144 441 
22 44 66 68 69 71 76 79 135 137 406 
2 21 22 23 28 29 30 75 
22 27 66 68 69 71 72 73 76 77 79 84 86 125 129 135 137 141 163 185 190 286 329 380 394 
2 27 43 67 74 75 78 80 81 82 85 104 114 213 257 259 306 314 317 321 350 395 398 442 
2 22 23 24 25 29 30 63 324 
3 44 101 443 
2 21 23 28 29 34 35 44 61 63 
40 43 45 59 144 444 
1 2 4 11 13 16 44 47 50 52 57 100 145 150 165 166 176 181 182 326 445 
26 38 44 46 48 49 50 53 55 57 102 107 118 156 160 179 
2 66 69 71 73 79 86 129 135 137 157 158 446 
9 12 75 103 164 217 222 223 226 
6 8 9 10 12 26 27 43 75 78 87 100 103 124 205 217 220 221 222 223 224 225 226 228 229 230 273 
2 9 10 12 26 27 43 75 100 103 114 124 187 210 212 217 221 222 224 225 226 228 230 273 276 321 415 
2 27 43 44 66 69 71 73 76 79 86 129 135 137 157 
43 44 66 71 75 86 100 124 137 192 310 313 447 
6 8 9 12 27 43 47 50 75 114 187 205 210 220 224 225 226 230 273 276 321 
2 3 26 27 41 43 46 47 50 52 53 55 98 102 160 162 179 180 
2 44 68 88 93 142 156 206 255 269 271 
13 44 71 77 79 137 185 313 448 449 
1 2 4 7 11 16 17 43 75 150 167 173 
27 40 42 45 51 54 59 62 75 124 178 
20 44 101 103 112 205 242 337 
2 3 8 9 14 20 258 
1 4 7 19 145 149 165 166 176 
5 20 23 27 28 30 32 38 63 64 134 
1 2 4 13 16 17 19 100 145 150 166 167 173 176 177 182 
40 44 51 54 56 114 121 174 316 450 
2 66 68 71 73 76 79 86 135 163 194 329 
5 20 31 38 53 87 102 146 160 162 
13 39 42 44 47 50 51 54 56 132 
2 20 38 46 53 171 
43 44 75 88 254 
100 107 
13 52 72 88 90 91 93 97 99 116 136 184 212 225 255 293 294 298 300 301 
2 41 43 53 57 75 98 100 102 116 118 315 316 
21 22 28 30 33 34 38 43 61 63 64 65 77 140 
2 13 22 43 66 71 77 79 86 120 185 310 311 313 
44 68 71 73 76 79 129 135 137 141 155 185 
2 20 23 25 26 28 29 31 32 33 35 38 134 
2 43 48 49 50 66 68 69 71 73 76 86 129 135 286 
20 36 41 46 53 107 118 160 162 
2 9 27 114 163 187 210 212 217 220 223 226 227 230 273 351 353 451 
4 7 16 17 114 150 181 182 221 232 248 251 368 374 
13 20 205 254 255 
37 
4 13 100 145 166 167 173 177 181 201 
2 6 9 26 75 100 124 222 236 273 275 372 452 
2 22 23 28 30 33 34 47 50 52 63 64 140 
41 44 46 47 53 107 258 
6 9 10 12 27 43 75 100 114 124 164 187 210 212 217 220 222 223 224 225 228 276 
2 3 20 27 44 72 75 88 90 91 93 97 123 205 254 255 264 300 376 
41 53 89 94 98 152 155 
2 53 89 95 118 152 153 246 268 
13 37 39 40 42 44 45 51 54 56 58 59 60 121 124 174 221 
2 43 67 70 74 75 80 81 85 104 114 198 267 317 442 
66 68 69 71 73 79 84 120 125 135 137 316 
2 37 39 40 45 59 124 144 175 
1 4 7 11 16 17 19 142 145 150 165 166 173 182 
5 20 25 26 31 38 41 53 102 108 134 160 258 402 404 453 
6 9 124 164 210 225 
2 4 150 196 197 316 366 
20 75 101 105 109 112 114 117 133 205 208 337 
2 3 5 20 44 75 88 90 91 100 148 315 346 454 
2 37 40 44 45 54 59 60 132 
27 41 53 75 107 109 118 395 
2 4 44 75 100 150 182 248 251 
3 31 38 112 123 205 216 218 
22 23 33 35 
2 36 38 47 50 107 
22 71 72 79 81 86 120 122 123 126 127 128 129 213 323 396 
2 11 43 101 111 112 113 151 166 201 243 455 
2 3 13 75 88 97 123 205 206 254 255 
3 5 20 25 44 88 97 148 205 255 
22 23 24 26 28 29 31 63 134 324 
4 13 16 19 165 166 343 
27 43 66 68 69 71 79 84 86 120 129 
2 23 25 27 28 38 43 44 61 63 65 75 238 
2 22 27 43 44 66 71 72 73 77 79 84 125 129 137 279 286 
20 23 26 28 29 30 33 34 35 44 61 64 75 357 456 
4 11 16 17 19 145 150 165 166 173 177 182 
2 4 16 19 104 136 176 248 249 250 251 366 368 
6 8 9 10 26 27 47 49 50 114 124 164 212 217 222 225 226 228 229 230 273 276 
2 6 20 27 38 41 44 46 48 50 52 53 102 107 116 160 162 168 258 
